04:32:15396104 	ffffffffffff	4437e6446377	0806	00	01	0800	0604	00	01	44	37	e644	6377c0a8	001e0000	0000	0000	c0a80002	00000000	0000	0000	0000	0000	00	00	00	00	00	00	PROBE
04:32:15396122 	ffffffffffff	4437e6446377	0806	00	01	0800	0604	00	01	44	37	e644	6377c0a8	001e0000	0000	0000	c0a80029	00000000	0000	0000	0000	0000	00	00	00	00	00	00	PROBE
04:32:15396126 	ffffffffffff	4437e6446377	0806	00	01	0800	0604	00	01	44	37	e644	6377c0a8	001e0000	0000	0000	c0a80007	00000000	0000	0000	0000	0000	00	00	00	00	00	00	PROBE
04:32:15396128 	ffffffffffff	4437e6446377	0806	00	01	0800	0604	00	01	44	37	e644	6377c0a8	001e0000	0000	0000	c0a80003	00000000	0000	0000	0000	0000	00	00	00	00	00	00	PROBE
04:32:15396131 	ffffffffffff	4437e6446377	0806	00	01	0800	0604	00	01	44	37	e644	6377c0a8	001e0000	0000	0000	c0a80015	00000000	0000	0000	0000	0000	00	00	00	00	00	00	PROBE
04:32:15396134 	ffffffffffff	4437e6446377	0806	00	01	0800	0604	00	01	44	37	e644	6377c0a8	001e0000	0000	0000	c0a80013	00000000	0000	0000	0000	0000	00	00	00	00	00	00	PROBE
04:32:15396137 	ffffffffffff	4437e6446377	0806	00	01	0800	0604	00	01	44	37	e644	6377c0a8	001e0000	0000	0000	c0a80027	00000000	0000	0000	0000	0000	00	00	00	00	00	00	PROBE
04:32:15396139 	ffffffffffff	4437e6446377	0806	00	01	0800	0604	00	01	44	37	e644	6377c0a8	001e0000	0000	0000	c0a80023	00000000	0000	0000	0000	0000	00	00	00	00	00	00	PROBE
04:32:15396142 	ffffffffffff	4437e6446377	0806	00	01	0800	0604	00	01	44	37	e644	6377c0a8	001e0000	0000	0000	c0a80025	00000000	0000	0000	0000	0000	00	00	00	00	00	00	PROBE
04:32:15396144 	ffffffffffff	4437e6446377	0806	00	01	0800	0604	00	01	44	37	e644	6377c0a8	001e0000	0000	0000	c0a80021	00000000	0000	0000	0000	0000	00	00	00	00	00	00	PROBE
04:32:15396147 	ffffffffffff	4437e6446377	0806	00	01	0800	0604	00	01	44	37	e644	6377c0a8	001e0000	0000	0000	c0a80020	00000000	0000	0000	0000	0000	00	00	00	00	00	00	PROBE
04:32:15396180 	ffffffffffff	4437e6446377	0806	00	01	0800	0604	00	01	44	37	e644	6377c0a8	001e0000	0000	0000	c0a80009	00000000	0000	0000	0000	0000	00	00	00	00	00	00	PROBE
04:32:15396187 	ffffffffffff	4437e6446377	0806	00	01	0800	0604	00	01	44	37	e644	6377c0a8	001e0000	0000	0000	c0a80011	00000000	0000	0000	0000	0000	00	00	00	00	00	00	PROBE
04:32:15396190 	ffffffffffff	4437e6446377	0806	00	01	0800	0604	00	01	44	37	e644	6377c0a8	001e0000	0000	0000	c0a8001b	00000000	0000	0000	0000	0000	00	00	00	00	00	00	PROBE
04:32:15396193 	ffffffffffff	4437e6446377	0806	00	01	0800	0604	00	01	44	37	e644	6377c0a8	001e0000	0000	0000	c0a80019	00000000	0000	0000	0000	0000	00	00	00	00	00	00	PROBE
04:32:15396197 	ffffffffffff	4437e6446377	0806	00	01	0800	0604	00	01	44	37	e644	6377c0a8	001e0000	0000	0000	c0a80017	00000000	0000	0000	0000	0000	00	00	00	00	00	00	PROBE
04:32:15396200 	ffffffffffff	4437e6446377	0806	00	01	0800	0604	00	01	44	37	e644	6377c0a8	001e0000	0000	0000	c0a80005	00000000	0000	0000	0000	0000	00	00	00	00	00	00	PROBE
04:32:15396203 	ffffffffffff	4437e6446377	0806	00	01	0800	0604	00	01	44	37	e644	6377c0a8	001e0000	0000	0000	c0a8000b	00000000	0000	0000	0000	0000	00	00	00	00	00	00	PROBE
04:32:15396206 	ffffffffffff	4437e6446377	0806	00	01	0800	0604	00	01	44	37	e644	6377c0a8	001e0000	0000	0000	c0a8000d	00000000	0000	0000	0000	0000	00	00	00	00	00	00	PROBE
04:32:15396208 	ffffffffffff	4437e6446377	0806	00	01	0800	0604	00	01	44	37	e644	6377c0a8	001e0000	0000	0000	c0a8001d	00000000	0000	0000	0000	0000	00	00	00	00	00	00	PROBE
04:32:15396211 	ffffffffffff	4437e6446377	0806	00	01	0800	0604	00	01	44	37	e644	6377c0a8	001e0000	0000	0000	c0a80001	00000000	0000	0000	0000	0000	00	00	00	00	00	00	PROBE
04:32:15396214 	ffffffffffff	4437e6446377	0806	00	01	0800	0604	00	01	44	37	e644	6377c0a8	001e0000	0000	0000	c0a8000f	00000000	0000	0000	0000	0000	00	00	00	00	00	00	PROBE
04:32:15396217 	ffffffffffff	4437e6446377	0806	00	01	0800	0604	00	01	44	37	e644	6377c0a8	001e0000	0000	0000	c0a80010	00000000	0000	0000	0000	0000	00	00	00	00	00	00	PROBE
04:32:15396220 	ffffffffffff	4437e6446377	0806	00	01	0800	0604	00	01	44	37	e644	6377c0a8	001e0000	0000	0000	c0a80012	00000000	0000	0000	0000	0000	00	00	00	00	00	00	PROBE
04:32:15396223 	ffffffffffff	4437e6446377	0806	00	01	0800	0604	00	01	44	37	e644	6377c0a8	001e0000	0000	0000	c0a80014	00000000	0000	0000	0000	0000	00	00	00	00	00	00	PROBE
04:32:15396226 	ffffffffffff	4437e6446377	0806	00	01	0800	0604	00	01	44	37	e644	6377c0a8	001e0000	0000	0000	c0a80016	00000000	0000	0000	0000	0000	00	00	00	00	00	00	PROBE
04:32:15396229 	ffffffffffff	4437e6446377	0806	00	01	0800	0604	00	01	44	37	e644	6377c0a8	001e0000	0000	0000	c0a8000e	00000000	0000	0000	0000	0000	00	00	00	00	00	00	PROBE
04:32:15396231 	ffffffffffff	4437e6446377	0806	00	01	0800	0604	00	01	44	37	e644	6377c0a8	001e0000	0000	0000	c0a8000c	00000000	0000	0000	0000	0000	00	00	00	00	00	00	PROBE
04:32:15396234 	ffffffffffff	4437e6446377	0806	00	01	0800	0604	00	01	44	37	e644	6377c0a8	001e0000	0000	0000	c0a80008	00000000	0000	0000	0000	0000	00	00	00	00	00	00	PROBE
04:32:15396237 	ffffffffffff	4437e6446377	0806	00	01	0800	0604	00	01	44	37	e644	6377c0a8	001e0000	0000	0000	c0a8000a	00000000	0000	0000	0000	0000	00	00	00	00	00	00	PROBE
04:32:15396240 	ffffffffffff	4437e6446377	0806	00	01	0800	0604	00	01	44	37	e644	6377c0a8	001e0000	0000	0000	c0a80028	00000000	0000	0000	0000	0000	00	00	00	00	00	00	PROBE
04:32:15396242 	ffffffffffff	4437e6446377	0806	00	01	0800	0604	00	01	44	37	e644	6377c0a8	001e0000	0000	0000	c0a80026	00000000	0000	0000	0000	0000	00	00	00	00	00	00	PROBE
04:32:15396245 	ffffffffffff	4437e6446377	0806	00	01	0800	0604	00	01	44	37	e644	6377c0a8	001e0000	0000	0000	c0a80024	00000000	0000	0000	0000	0000	00	00	00	00	00	00	PROBE
04:32:15396248 	ffffffffffff	4437e6446377	0806	00	01	0800	0604	00	01	44	37	e644	6377c0a8	001e0000	0000	0000	c0a80022	00000000	0000	0000	0000	0000	00	00	00	00	00	00	PROBE
04:32:15396250 	ffffffffffff	4437e6446377	0806	00	01	0800	0604	00	01	44	37	e644	6377c0a8	001e0000	0000	0000	c0a8001c	00000000	0000	0000	0000	0000	00	00	00	00	00	00	PROBE
04:32:15396253 	ffffffffffff	4437e6446377	0806	00	01	0800	0604	00	01	44	37	e644	6377c0a8	001e0000	0000	0000	c0a8001a	00000000	0000	0000	0000	0000	00	00	00	00	00	00	PROBE
04:32:15396256 	ffffffffffff	4437e6446377	0806	00	01	0800	0604	00	01	44	37	e644	6377c0a8	001e0000	0000	0000	c0a80018	00000000	0000	0000	0000	0000	00	00	00	00	00	00	PROBE
04:32:15396259 	ffffffffffff	4437e6446377	0806	00	01	0800	0604	00	01	44	37	e644	6377c0a8	001e0000	0000	0000	c0a80004	00000000	0000	0000	0000	0000	00	00	00	00	00	00	PROBE
04:32:15396299 	ffffffffffff	4437e6446377	0806	00	01	0800	0604	00	01	44	37	e644	6377c0a8	001e0000	0000	0000	c0a80006	00000000	0000	0000	0000	0000	00	00	00	00	00	00	PROBE
04:32:15396304 	ffffffffffff	4437e6446377	0806	00	01	0800	0604	00	01	44	37	e644	6377c0a8	001e0000	0000	0000	c0a8002a	00000000	0000	0000	0000	0000	00	00	00	00	00	00	PROBE
04:32:15396307 	ffffffffffff	4437e6446377	0806	00	01	0800	0604	00	01	44	37	e644	6377c0a8	001e0000	0000	0000	c0a8002b	00000000	0000	0000	0000	0000	00	00	00	00	00	00	PROBE
04:32:15396309 	ffffffffffff	4437e6446377	0806	00	01	0800	0604	00	01	44	37	e644	6377c0a8	001e0000	0000	0000	c0a8002c	00000000	0000	0000	0000	0000	00	00	00	00	00	00	PROBE
04:32:15418533 	ffffffffffff	4437e6446377	0806	00	01	0800	0604	00	01	44	37	e644	6377c0a8	001e0000	0000	0000	c0a8002d	00000000	0000	0000	0000	0000	00	00	00	00	00	00	PROBE
04:32:15419599 	ffffffffffff	4437e6446377	0806	00	01	0800	0604	00	01	44	37	e644	6377c0a8	001e0000	0000	0000	c0a8002e	00000000	0000	0000	0000	0000	00	00	00	00	00	00	PROBE
04:32:15423073 	ffffffffffff	4437e6446377	0806	00	01	0800	0604	00	01	44	37	e644	6377c0a8	001e0000	0000	0000	c0a80031	00000000	0000	0000	0000	0000	00	00	00	00	00	00	PROBE
04:32:15423225 	ffffffffffff	4437e6446377	0806	00	01	0800	0604	00	01	44	37	e644	6377c0a8	001e0000	0000	0000	c0a80030	00000000	0000	0000	0000	0000	00	00	00	00	00	00	PROBE
04:32:15423231 	ffffffffffff	4437e6446377	0806	00	01	0800	0604	00	01	44	37	e644	6377c0a8	001e0000	0000	0000	c0a8002f	00000000	0000	0000	0000	0000	00	00	00	00	00	00	PROBE
04:32:15428207 	ffffffffffff	4437e6446377	0806	00	01	0800	0604	00	01	44	37	e644	6377c0a8	001e0000	0000	0000	c0a80032	00000000	0000	0000	0000	0000	00	00	00	00	00	00	PROBE
04:32:15428445 	ffffffffffff	4437e6446377	0806	00	01	0800	0604	00	01	44	37	e644	6377c0a8	001e0000	0000	0000	c0a80040	00000000	0000	0000	0000	0000	00	00	00	00	00	00	PROBE
04:32:15428611 	ffffffffffff	4437e6446377	0806	00	01	0800	0604	00	01	44	37	e644	6377c0a8	001e0000	0000	0000	c0a80036	00000000	0000	0000	0000	0000	00	00	00	00	00	00	PROBE
04:32:15428617 	ffffffffffff	4437e6446377	0806	00	01	0800	0604	00	01	44	37	e644	6377c0a8	001e0000	0000	0000	c0a80037	00000000	0000	0000	0000	0000	00	00	00	00	00	00	PROBE
04:32:15428620 	ffffffffffff	4437e6446377	0806	00	01	0800	0604	00	01	44	37	e644	6377c0a8	001e0000	0000	0000	c0a8003c	00000000	0000	0000	0000	0000	00	00	00	00	00	00	PROBE
04:32:15428622 	ffffffffffff	4437e6446377	0806	00	01	0800	0604	00	01	44	37	e644	6377c0a8	001e0000	0000	0000	c0a80039	00000000	0000	0000	0000	0000	00	00	00	00	00	00	PROBE
04:32:15428625 	ffffffffffff	4437e6446377	0806	00	01	0800	0604	00	01	44	37	e644	6377c0a8	001e0000	0000	0000	c0a80033	00000000	0000	0000	0000	0000	00	00	00	00	00	00	PROBE
04:32:15428783 	ffffffffffff	4437e6446377	0806	00	01	0800	0604	00	01	44	37	e644	6377c0a8	001e0000	0000	0000	c0a80038	00000000	0000	0000	0000	0000	00	00	00	00	00	00	PROBE
04:32:15428789 	ffffffffffff	4437e6446377	0806	00	01	0800	0604	00	01	44	37	e644	6377c0a8	001e0000	0000	0000	c0a8003a	00000000	0000	0000	0000	0000	00	00	00	00	00	00	PROBE
04:32:15428792 	ffffffffffff	4437e6446377	0806	00	01	0800	0604	00	01	44	37	e644	6377c0a8	001e0000	0000	0000	c0a80035	00000000	0000	0000	0000	0000	00	00	00	00	00	00	PROBE
04:32:15428795 	ffffffffffff	4437e6446377	0806	00	01	0800	0604	00	01	44	37	e644	6377c0a8	001e0000	0000	0000	c0a8003b	00000000	0000	0000	0000	0000	00	00	00	00	00	00	PROBE
04:32:15428797 	ffffffffffff	4437e6446377	0806	00	01	0800	0604	00	01	44	37	e644	6377c0a8	001e0000	0000	0000	c0a8003d	00000000	0000	0000	0000	0000	00	00	00	00	00	00	PROBE
04:32:15428935 	ffffffffffff	4437e6446377	0806	00	01	0800	0604	00	01	44	37	e644	6377c0a8	001e0000	0000	0000	c0a8003f	00000000	0000	0000	0000	0000	00	00	00	00	00	00	PROBE
04:32:15428942 	ffffffffffff	4437e6446377	0806	00	01	0800	0604	00	01	44	37	e644	6377c0a8	001e0000	0000	0000	c0a80041	00000000	0000	0000	0000	0000	00	00	00	00	00	00	PROBE
04:32:15428944 	ffffffffffff	4437e6446377	0806	00	01	0800	0604	00	01	44	37	e644	6377c0a8	001e0000	0000	0000	c0a8003e	00000000	0000	0000	0000	0000	00	00	00	00	00	00	PROBE
04:32:15436348 	ffffffffffff	4437e6446377	0806	00	01	0800	0604	00	01	44	37	e644	6377c0a8	001e0000	0000	0000	c0a80034	00000000	0000	0000	0000	0000	00	00	00	00	00	00	PROBE
04:32:15436358 	ffffffffffff	4437e6446377	0806	00	01	0800	0604	00	01	44	37	e644	6377c0a8	001e0000	0000	0000	c0a80044	00000000	0000	0000	0000	0000	00	00	00	00	00	00	PROBE
04:32:15436361 	ffffffffffff	4437e6446377	0806	00	01	0800	0604	00	01	44	37	e644	6377c0a8	001e0000	0000	0000	c0a80046	00000000	0000	0000	0000	0000	00	00	00	00	00	00	PROBE
04:32:15436676 	ffffffffffff	4437e6446377	0806	00	01	0800	0604	00	01	44	37	e644	6377c0a8	001e0000	0000	0000	c0a80045	00000000	0000	0000	0000	0000	00	00	00	00	00	00	PROBE
04:32:15436682 	ffffffffffff	4437e6446377	0806	00	01	0800	0604	00	01	44	37	e644	6377c0a8	001e0000	0000	0000	c0a80048	00000000	0000	0000	0000	0000	00	00	00	00	00	00	PROBE
04:32:15436685 	ffffffffffff	4437e6446377	0806	00	01	0800	0604	00	01	44	37	e644	6377c0a8	001e0000	0000	0000	c0a80042	00000000	0000	0000	0000	0000	00	00	00	00	00	00	PROBE
04:32:15436688 	ffffffffffff	4437e6446377	0806	00	01	0800	0604	00	01	44	37	e644	6377c0a8	001e0000	0000	0000	c0a80043	00000000	0000	0000	0000	0000	00	00	00	00	00	00	PROBE
04:32:15436691 	ffffffffffff	4437e6446377	0806	00	01	0800	0604	00	01	44	37	e644	6377c0a8	001e0000	0000	0000	c0a80047	00000000	0000	0000	0000	0000	00	00	00	00	00	00	PROBE
04:32:15437516 	ffffffffffff	4437e6446377	0806	00	01	0800	0604	00	01	44	37	e644	6377c0a8	001e0000	0000	0000	c0a8004a	00000000	0000	0000	0000	0000	00	00	00	00	00	00	PROBE
04:32:15437522 	ffffffffffff	4437e6446377	0806	00	01	0800	0604	00	01	44	37	e644	6377c0a8	001e0000	0000	0000	c0a80049	00000000	0000	0000	0000	0000	00	00	00	00	00	00	PROBE
04:32:15437525 	ffffffffffff	4437e6446377	0806	00	01	0800	0604	00	01	44	37	e644	6377c0a8	001e0000	0000	0000	c0a8004d	00000000	0000	0000	0000	0000	00	00	00	00	00	00	PROBE
04:32:15437529 	ffffffffffff	4437e6446377	0806	00	01	0800	0604	00	01	44	37	e644	6377c0a8	001e0000	0000	0000	c0a80055	00000000	0000	0000	0000	0000	00	00	00	00	00	00	PROBE
04:32:15437532 	ffffffffffff	4437e6446377	0806	00	01	0800	0604	00	01	44	37	e644	6377c0a8	001e0000	0000	0000	c0a80056	00000000	0000	0000	0000	0000	00	00	00	00	00	00	PROBE
04:32:15437687 	ffffffffffff	4437e6446377	0806	00	01	0800	0604	00	01	44	37	e644	6377c0a8	001e0000	0000	0000	c0a8004e	00000000	0000	0000	0000	0000	00	00	00	00	00	00	PROBE
04:32:15437692 	ffffffffffff	4437e6446377	0806	00	01	0800	0604	00	01	44	37	e644	6377c0a8	001e0000	0000	0000	c0a80054	00000000	0000	0000	0000	0000	00	00	00	00	00	00	PROBE
04:32:15437695 	ffffffffffff	4437e6446377	0806	00	01	0800	0604	00	01	44	37	e644	6377c0a8	001e0000	0000	0000	c0a80051	00000000	0000	0000	0000	0000	00	00	00	00	00	00	PROBE
04:32:15437698 	ffffffffffff	4437e6446377	0806	00	01	0800	0604	00	01	44	37	e644	6377c0a8	001e0000	0000	0000	c0a80053	00000000	0000	0000	0000	0000	00	00	00	00	00	00	PROBE
04:32:15437701 	ffffffffffff	4437e6446377	0806	00	01	0800	0604	00	01	44	37	e644	6377c0a8	001e0000	0000	0000	c0a80052	00000000	0000	0000	0000	0000	00	00	00	00	00	00	PROBE
04:32:15437704 	ffffffffffff	4437e6446377	0806	00	01	0800	0604	00	01	44	37	e644	6377c0a8	001e0000	0000	0000	c0a8004f	00000000	0000	0000	0000	0000	00	00	00	00	00	00	PROBE
04:32:15437846 	ffffffffffff	4437e6446377	0806	00	01	0800	0604	00	01	44	37	e644	6377c0a8	001e0000	0000	0000	c0a8004c	00000000	0000	0000	0000	0000	00	00	00	00	00	00	PROBE
04:32:15437851 	ffffffffffff	4437e6446377	0806	00	01	0800	0604	00	01	44	37	e644	6377c0a8	001e0000	0000	0000	c0a80050	00000000	0000	0000	0000	0000	00	00	00	00	00	00	PROBE
04:32:15437854 	ffffffffffff	4437e6446377	0806	00	01	0800	0604	00	01	44	37	e644	6377c0a8	001e0000	0000	0000	c0a8004b	00000000	0000	0000	0000	0000	00	00	00	00	00	00	PROBE
04:32:16395162 	ffffffffffff	4437e6446377	0806	00	01	0800	0604	00	01	44	37	e644	6377c0a8	001e0000	0000	0000	c0a80001	00000000	0000	0000	0000	0000	00	00	00	00	00	00	PROBE
04:32:16395180 	ffffffffffff	4437e6446377	0806	00	01	0800	0604	00	01	44	37	e644	6377c0a8	001e0000	0000	0000	c0a8002d	00000000	0000	0000	0000	0000	00	00	00	00	00	00	PROBE
04:32:16395185 	ffffffffffff	4437e6446377	0806	00	01	0800	0604	00	01	44	37	e644	6377c0a8	001e0000	0000	0000	c0a8002e	00000000	0000	0000	0000	0000	00	00	00	00	00	00	PROBE
04:32:16395188 	ffffffffffff	4437e6446377	0806	00	01	0800	0604	00	01	44	37	e644	6377c0a8	001e0000	0000	0000	c0a80031	00000000	0000	0000	0000	0000	00	00	00	00	00	00	PROBE
04:32:16395190 	ffffffffffff	4437e6446377	0806	00	01	0800	0604	00	01	44	37	e644	6377c0a8	001e0000	0000	0000	c0a80030	00000000	0000	0000	0000	0000	00	00	00	00	00	00	PROBE
04:32:16395193 	ffffffffffff	4437e6446377	0806	00	01	0800	0604	00	01	44	37	e644	6377c0a8	001e0000	0000	0000	c0a8002f	00000000	0000	0000	0000	0000	00	00	00	00	00	00	PROBE
04:32:16395196 	ffffffffffff	4437e6446377	0806	00	01	0800	0604	00	01	44	37	e644	6377c0a8	001e0000	0000	0000	c0a80032	00000000	0000	0000	0000	0000	00	00	00	00	00	00	PROBE
04:32:16395199 	ffffffffffff	4437e6446377	0806	00	01	0800	0604	00	01	44	37	e644	6377c0a8	001e0000	0000	0000	c0a80040	00000000	0000	0000	0000	0000	00	00	00	00	00	00	PROBE
04:32:16395202 	ffffffffffff	4437e6446377	0806	00	01	0800	0604	00	01	44	37	e644	6377c0a8	001e0000	0000	0000	c0a80036	00000000	0000	0000	0000	0000	00	00	00	00	00	00	PROBE
04:32:16395204 	ffffffffffff	4437e6446377	0806	00	01	0800	0604	00	01	44	37	e644	6377c0a8	001e0000	0000	0000	c0a80037	00000000	0000	0000	0000	0000	00	00	00	00	00	00	PROBE
04:32:16395207 	ffffffffffff	4437e6446377	0806	00	01	0800	0604	00	01	44	37	e644	6377c0a8	001e0000	0000	0000	c0a8003c	00000000	0000	0000	0000	0000	00	00	00	00	00	00	PROBE
04:32:16395239 	ffffffffffff	4437e6446377	0806	00	01	0800	0604	00	01	44	37	e644	6377c0a8	001e0000	0000	0000	c0a80039	00000000	0000	0000	0000	0000	00	00	00	00	00	00	PROBE
04:32:16395246 	ffffffffffff	4437e6446377	0806	00	01	0800	0604	00	01	44	37	e644	6377c0a8	001e0000	0000	0000	c0a80033	00000000	0000	0000	0000	0000	00	00	00	00	00	00	PROBE
04:32:16395250 	ffffffffffff	4437e6446377	0806	00	01	0800	0604	00	01	44	37	e644	6377c0a8	001e0000	0000	0000	c0a80038	00000000	0000	0000	0000	0000	00	00	00	00	00	00	PROBE
04:32:16395252 	ffffffffffff	4437e6446377	0806	00	01	0800	0604	00	01	44	37	e644	6377c0a8	001e0000	0000	0000	c0a8003a	00000000	0000	0000	0000	0000	00	00	00	00	00	00	PROBE
04:32:16395255 	ffffffffffff	4437e6446377	0806	00	01	0800	0604	00	01	44	37	e644	6377c0a8	001e0000	0000	0000	c0a80035	00000000	0000	0000	0000	0000	00	00	00	00	00	00	PROBE
04:32:16395258 	ffffffffffff	4437e6446377	0806	00	01	0800	0604	00	01	44	37	e644	6377c0a8	001e0000	0000	0000	c0a8003b	00000000	0000	0000	0000	0000	00	00	00	00	00	00	PROBE
04:32:16395261 	ffffffffffff	4437e6446377	0806	00	01	0800	0604	00	01	44	37	e644	6377c0a8	001e0000	0000	0000	c0a8003d	00000000	0000	0000	0000	0000	00	00	00	00	00	00	PROBE
04:32:16395263 	ffffffffffff	4437e6446377	0806	00	01	0800	0604	00	01	44	37	e644	6377c0a8	001e0000	0000	0000	c0a8003f	00000000	0000	0000	0000	0000	00	00	00	00	00	00	PROBE
04:32:16395266 	ffffffffffff	4437e6446377	0806	00	01	0800	0604	00	01	44	37	e644	6377c0a8	001e0000	0000	0000	c0a80041	00000000	0000	0000	0000	0000	00	00	00	00	00	00	PROBE
04:32:16395269 	ffffffffffff	4437e6446377	0806	00	01	0800	0604	00	01	44	37	e644	6377c0a8	001e0000	0000	0000	c0a8003e	00000000	0000	0000	0000	0000	00	00	00	00	00	00	PROBE
04:32:16395271 	ffffffffffff	4437e6446377	0806	00	01	0800	0604	00	01	44	37	e644	6377c0a8	001e0000	0000	0000	c0a80034	00000000	0000	0000	0000	0000	00	00	00	00	00	00	PROBE
04:32:16395274 	ffffffffffff	4437e6446377	0806	00	01	0800	0604	00	01	44	37	e644	6377c0a8	001e0000	0000	0000	c0a80044	00000000	0000	0000	0000	0000	00	00	00	00	00	00	PROBE
04:32:16395277 	ffffffffffff	4437e6446377	0806	00	01	0800	0604	00	01	44	37	e644	6377c0a8	001e0000	0000	0000	c0a80046	00000000	0000	0000	0000	0000	00	00	00	00	00	00	PROBE
04:32:16395279 	ffffffffffff	4437e6446377	0806	00	01	0800	0604	00	01	44	37	e644	6377c0a8	001e0000	0000	0000	c0a80045	00000000	0000	0000	0000	0000	00	00	00	00	00	00	PROBE
04:32:16395282 	ffffffffffff	4437e6446377	0806	00	01	0800	0604	00	01	44	37	e644	6377c0a8	001e0000	0000	0000	c0a80048	00000000	0000	0000	0000	0000	00	00	00	00	00	00	PROBE
04:32:16395285 	ffffffffffff	4437e6446377	0806	00	01	0800	0604	00	01	44	37	e644	6377c0a8	001e0000	0000	0000	c0a80042	00000000	0000	0000	0000	0000	00	00	00	00	00	00	PROBE
04:32:16395288 	ffffffffffff	4437e6446377	0806	00	01	0800	0604	00	01	44	37	e644	6377c0a8	001e0000	0000	0000	c0a80043	00000000	0000	0000	0000	0000	00	00	00	00	00	00	PROBE
04:32:16395291 	ffffffffffff	4437e6446377	0806	00	01	0800	0604	00	01	44	37	e644	6377c0a8	001e0000	0000	0000	c0a80047	00000000	0000	0000	0000	0000	00	00	00	00	00	00	PROBE
04:32:16395293 	ffffffffffff	4437e6446377	0806	00	01	0800	0604	00	01	44	37	e644	6377c0a8	001e0000	0000	0000	c0a8004a	00000000	0000	0000	0000	0000	00	00	00	00	00	00	PROBE
04:32:16395296 	ffffffffffff	4437e6446377	0806	00	01	0800	0604	00	01	44	37	e644	6377c0a8	001e0000	0000	0000	c0a80049	00000000	0000	0000	0000	0000	00	00	00	00	00	00	PROBE
04:32:16395298 	ffffffffffff	4437e6446377	0806	00	01	0800	0604	00	01	44	37	e644	6377c0a8	001e0000	0000	0000	c0a8004d	00000000	0000	0000	0000	0000	00	00	00	00	00	00	PROBE
04:32:16395301 	ffffffffffff	4437e6446377	0806	00	01	0800	0604	00	01	44	37	e644	6377c0a8	001e0000	0000	0000	c0a80055	00000000	0000	0000	0000	0000	00	00	00	00	00	00	PROBE
04:32:16395304 	ffffffffffff	4437e6446377	0806	00	01	0800	0604	00	01	44	37	e644	6377c0a8	001e0000	0000	0000	c0a80056	00000000	0000	0000	0000	0000	00	00	00	00	00	00	PROBE
04:32:16395307 	ffffffffffff	4437e6446377	0806	00	01	0800	0604	00	01	44	37	e644	6377c0a8	001e0000	0000	0000	c0a8004e	00000000	0000	0000	0000	0000	00	00	00	00	00	00	PROBE
04:32:16395310 	ffffffffffff	4437e6446377	0806	00	01	0800	0604	00	01	44	37	e644	6377c0a8	001e0000	0000	0000	c0a80054	00000000	0000	0000	0000	0000	00	00	00	00	00	00	PROBE
04:32:16395313 	ffffffffffff	4437e6446377	0806	00	01	0800	0604	00	01	44	37	e644	6377c0a8	001e0000	0000	0000	c0a80051	00000000	0000	0000	0000	0000	00	00	00	00	00	00	PROBE
04:32:16395315 	ffffffffffff	4437e6446377	0806	00	01	0800	0604	00	01	44	37	e644	6377c0a8	001e0000	0000	0000	c0a80053	00000000	0000	0000	0000	0000	00	00	00	00	00	00	PROBE
04:32:16395357 	ffffffffffff	4437e6446377	0806	00	01	0800	0604	00	01	44	37	e644	6377c0a8	001e0000	0000	0000	c0a80052	00000000	0000	0000	0000	0000	00	00	00	00	00	00	PROBE
04:32:16395360 	ffffffffffff	4437e6446377	0806	00	01	0800	0604	00	01	44	37	e644	6377c0a8	001e0000	0000	0000	c0a8004f	00000000	0000	0000	0000	0000	00	00	00	00	00	00	PROBE
04:32:16395362 	ffffffffffff	4437e6446377	0806	00	01	0800	0604	00	01	44	37	e644	6377c0a8	001e0000	0000	0000	c0a8004c	00000000	0000	0000	0000	0000	00	00	00	00	00	00	PROBE
04:32:16395365 	ffffffffffff	4437e6446377	0806	00	01	0800	0604	00	01	44	37	e644	6377c0a8	001e0000	0000	0000	c0a80050	00000000	0000	0000	0000	0000	00	00	00	00	00	00	PROBE
04:32:16395368 	ffffffffffff	4437e6446377	0806	00	01	0800	0604	00	01	44	37	e644	6377c0a8	001e0000	0000	0000	c0a8004b	00000000	0000	0000	0000	0000	00	00	00	00	00	00	PROBE
04:32:17395186 	ffffffffffff	4437e6446377	0806	00	01	0800	0604	00	01	44	37	e644	6377c0a8	001e0000	0000	0000	c0a8002d	00000000	0000	0000	0000	0000	00	00	00	00	00	00	PROBE
04:32:17395203 	ffffffffffff	4437e6446377	0806	00	01	0800	0604	00	01	44	37	e644	6377c0a8	001e0000	0000	0000	c0a8002e	00000000	0000	0000	0000	0000	00	00	00	00	00	00	PROBE
04:32:17395207 	ffffffffffff	4437e6446377	0806	00	01	0800	0604	00	01	44	37	e644	6377c0a8	001e0000	0000	0000	c0a80031	00000000	0000	0000	0000	0000	00	00	00	00	00	00	PROBE
04:32:17395210 	ffffffffffff	4437e6446377	0806	00	01	0800	0604	00	01	44	37	e644	6377c0a8	001e0000	0000	0000	c0a80030	00000000	0000	0000	0000	0000	00	00	00	00	00	00	PROBE
04:32:17395212 	ffffffffffff	4437e6446377	0806	00	01	0800	0604	00	01	44	37	e644	6377c0a8	001e0000	0000	0000	c0a8002f	00000000	0000	0000	0000	0000	00	00	00	00	00	00	PROBE
04:32:17395215 	ffffffffffff	4437e6446377	0806	00	01	0800	0604	00	01	44	37	e644	6377c0a8	001e0000	0000	0000	c0a80032	00000000	0000	0000	0000	0000	00	00	00	00	00	00	PROBE
04:32:17395218 	ffffffffffff	4437e6446377	0806	00	01	0800	0604	00	01	44	37	e644	6377c0a8	001e0000	0000	0000	c0a80040	00000000	0000	0000	0000	0000	00	00	00	00	00	00	PROBE
04:32:17395220 	ffffffffffff	4437e6446377	0806	00	01	0800	0604	00	01	44	37	e644	6377c0a8	001e0000	0000	0000	c0a80036	00000000	0000	0000	0000	0000	00	00	00	00	00	00	PROBE
04:32:17395223 	ffffffffffff	4437e6446377	0806	00	01	0800	0604	00	01	44	37	e644	6377c0a8	001e0000	0000	0000	c0a80037	00000000	0000	0000	0000	0000	00	00	00	00	00	00	PROBE
04:32:17395226 	ffffffffffff	4437e6446377	0806	00	01	0800	0604	00	01	44	37	e644	6377c0a8	001e0000	0000	0000	c0a8003c	00000000	0000	0000	0000	0000	00	00	00	00	00	00	PROBE
04:32:17395256 	ffffffffffff	4437e6446377	0806	00	01	0800	0604	00	01	44	37	e644	6377c0a8	001e0000	0000	0000	c0a80039	00000000	0000	0000	0000	0000	00	00	00	00	00	00	PROBE
04:32:17395263 	ffffffffffff	4437e6446377	0806	00	01	0800	0604	00	01	44	37	e644	6377c0a8	001e0000	0000	0000	c0a80033	00000000	0000	0000	0000	0000	00	00	00	00	00	00	PROBE
04:32:17395266 	ffffffffffff	4437e6446377	0806	00	01	0800	0604	00	01	44	37	e644	6377c0a8	001e0000	0000	0000	c0a80038	00000000	0000	0000	0000	0000	00	00	00	00	00	00	PROBE
04:32:17395269 	ffffffffffff	4437e6446377	0806	00	01	0800	0604	00	01	44	37	e644	6377c0a8	001e0000	0000	0000	c0a8003a	00000000	0000	0000	0000	0000	00	00	00	00	00	00	PROBE
04:32:17395272 	ffffffffffff	4437e6446377	0806	00	01	0800	0604	00	01	44	37	e644	6377c0a8	001e0000	0000	0000	c0a80035	00000000	0000	0000	0000	0000	00	00	00	00	00	00	PROBE
04:32:17395275 	ffffffffffff	4437e6446377	0806	00	01	0800	0604	00	01	44	37	e644	6377c0a8	001e0000	0000	0000	c0a8003b	00000000	0000	0000	0000	0000	00	00	00	00	00	00	PROBE
04:32:17395278 	ffffffffffff	4437e6446377	0806	00	01	0800	0604	00	01	44	37	e644	6377c0a8	001e0000	0000	0000	c0a8003d	00000000	0000	0000	0000	0000	00	00	00	00	00	00	PROBE
04:32:17395281 	ffffffffffff	4437e6446377	0806	00	01	0800	0604	00	01	44	37	e644	6377c0a8	001e0000	0000	0000	c0a8003f	00000000	0000	0000	0000	0000	00	00	00	00	00	00	PROBE
04:32:17395284 	ffffffffffff	4437e6446377	0806	00	01	0800	0604	00	01	44	37	e644	6377c0a8	001e0000	0000	0000	c0a80041	00000000	0000	0000	0000	0000	00	00	00	00	00	00	PROBE
04:32:17395287 	ffffffffffff	4437e6446377	0806	00	01	0800	0604	00	01	44	37	e644	6377c0a8	001e0000	0000	0000	c0a8003e	00000000	0000	0000	0000	0000	00	00	00	00	00	00	PROBE
04:32:17395289 	ffffffffffff	4437e6446377	0806	00	01	0800	0604	00	01	44	37	e644	6377c0a8	001e0000	0000	0000	c0a80034	00000000	0000	0000	0000	0000	00	00	00	00	00	00	PROBE
04:32:17395292 	ffffffffffff	4437e6446377	0806	00	01	0800	0604	00	01	44	37	e644	6377c0a8	001e0000	0000	0000	c0a80044	00000000	0000	0000	0000	0000	00	00	00	00	00	00	PROBE
04:32:17395295 	ffffffffffff	4437e6446377	0806	00	01	0800	0604	00	01	44	37	e644	6377c0a8	001e0000	0000	0000	c0a80046	00000000	0000	0000	0000	0000	00	00	00	00	00	00	PROBE
04:32:17395298 	ffffffffffff	4437e6446377	0806	00	01	0800	0604	00	01	44	37	e644	6377c0a8	001e0000	0000	0000	c0a80045	00000000	0000	0000	0000	0000	00	00	00	00	00	00	PROBE
04:32:17395301 	ffffffffffff	4437e6446377	0806	00	01	0800	0604	00	01	44	37	e644	6377c0a8	001e0000	0000	0000	c0a80048	00000000	0000	0000	0000	0000	00	00	00	00	00	00	PROBE
04:32:17395303 	ffffffffffff	4437e6446377	0806	00	01	0800	0604	00	01	44	37	e644	6377c0a8	001e0000	0000	0000	c0a80042	00000000	0000	0000	0000	0000	00	00	00	00	00	00	PROBE
04:32:17395306 	ffffffffffff	4437e6446377	0806	00	01	0800	0604	00	01	44	37	e644	6377c0a8	001e0000	0000	0000	c0a80043	00000000	0000	0000	0000	0000	00	00	00	00	00	00	PROBE
04:32:17395309 	ffffffffffff	4437e6446377	0806	00	01	0800	0604	00	01	44	37	e644	6377c0a8	001e0000	0000	0000	c0a80047	00000000	0000	0000	0000	0000	00	00	00	00	00	00	PROBE
04:32:17395312 	ffffffffffff	4437e6446377	0806	00	01	0800	0604	00	01	44	37	e644	6377c0a8	001e0000	0000	0000	c0a8004a	00000000	0000	0000	0000	0000	00	00	00	00	00	00	PROBE
04:32:17395315 	ffffffffffff	4437e6446377	0806	00	01	0800	0604	00	01	44	37	e644	6377c0a8	001e0000	0000	0000	c0a80049	00000000	0000	0000	0000	0000	00	00	00	00	00	00	PROBE
04:32:17395318 	ffffffffffff	4437e6446377	0806	00	01	0800	0604	00	01	44	37	e644	6377c0a8	001e0000	0000	0000	c0a8004d	00000000	0000	0000	0000	0000	00	00	00	00	00	00	PROBE
04:32:17395320 	ffffffffffff	4437e6446377	0806	00	01	0800	0604	00	01	44	37	e644	6377c0a8	001e0000	0000	0000	c0a80055	00000000	0000	0000	0000	0000	00	00	00	00	00	00	PROBE
04:32:17395323 	ffffffffffff	4437e6446377	0806	00	01	0800	0604	00	01	44	37	e644	6377c0a8	001e0000	0000	0000	c0a80056	00000000	0000	0000	0000	0000	00	00	00	00	00	00	PROBE
04:32:17395326 	ffffffffffff	4437e6446377	0806	00	01	0800	0604	00	01	44	37	e644	6377c0a8	001e0000	0000	0000	c0a8004e	00000000	0000	0000	0000	0000	00	00	00	00	00	00	PROBE
04:32:17395344 	ffffffffffff	4437e6446377	0806	00	01	0800	0604	00	01	44	37	e644	6377c0a8	001e0000	0000	0000	c0a80054	00000000	0000	0000	0000	0000	00	00	00	00	00	00	PROBE
04:32:17395349 	ffffffffffff	4437e6446377	0806	00	01	0800	0604	00	01	44	37	e644	6377c0a8	001e0000	0000	0000	c0a80051	00000000	0000	0000	0000	0000	00	00	00	00	00	00	PROBE
04:32:17395352 	ffffffffffff	4437e6446377	0806	00	01	0800	0604	00	01	44	37	e644	6377c0a8	001e0000	0000	0000	c0a80053	00000000	0000	0000	0000	0000	00	00	00	00	00	00	PROBE
04:32:17395355 	ffffffffffff	4437e6446377	0806	00	01	0800	0604	00	01	44	37	e644	6377c0a8	001e0000	0000	0000	c0a80052	00000000	0000	0000	0000	0000	00	00	00	00	00	00	PROBE
04:32:17395358 	ffffffffffff	4437e6446377	0806	00	01	0800	0604	00	01	44	37	e644	6377c0a8	001e0000	0000	0000	c0a8004f	00000000	0000	0000	0000	0000	00	00	00	00	00	00	PROBE
04:32:17395360 	ffffffffffff	4437e6446377	0806	00	01	0800	0604	00	01	44	37	e644	6377c0a8	001e0000	0000	0000	c0a8004c	00000000	0000	0000	0000	0000	00	00	00	00	00	00	PROBE
04:32:17395363 	ffffffffffff	4437e6446377	0806	00	01	0800	0604	00	01	44	37	e644	6377c0a8	001e0000	0000	0000	c0a80050	00000000	0000	0000	0000	0000	00	00	00	00	00	00	PROBE
04:32:17395366 	ffffffffffff	4437e6446377	0806	00	01	0800	0604	00	01	44	37	e644	6377c0a8	001e0000	0000	0000	c0a8004b	00000000	0000	0000	0000	0000	00	00	00	00	00	00	PROBE
04:32:17411718 	ffffffffffff	4437e6446377	0806	00	01	0800	0604	00	01	44	37	e644	6377c0a8	001e0000	0000	0000	c0a80057	00000000	0000	0000	0000	0000	00	00	00	00	00	00	PROBE
04:32:17412266 	ffffffffffff	4437e6446377	0806	00	01	0800	0604	00	01	44	37	e644	6377c0a8	001e0000	0000	0000	c0a80058	00000000	0000	0000	0000	0000	00	00	00	00	00	00	PROBE
04:32:17412457 	ffffffffffff	4437e6446377	0806	00	01	0800	0604	00	01	44	37	e644	6377c0a8	001e0000	0000	0000	c0a80059	00000000	0000	0000	0000	0000	00	00	00	00	00	00	PROBE
04:32:17414514 	ffffffffffff	4437e6446377	0806	00	01	0800	0604	00	01	44	37	e644	6377c0a8	001e0000	0000	0000	c0a8005a	00000000	0000	0000	0000	0000	00	00	00	00	00	00	PROBE
04:32:17419429 	ffffffffffff	4437e6446377	0806	00	01	0800	0604	00	01	44	37	e644	6377c0a8	001e0000	0000	0000	c0a80060	00000000	0000	0000	0000	0000	00	00	00	00	00	00	PROBE
04:32:17419439 	ffffffffffff	4437e6446377	0806	00	01	0800	0604	00	01	44	37	e644	6377c0a8	001e0000	0000	0000	c0a8005d	00000000	0000	0000	0000	0000	00	00	00	00	00	00	PROBE
04:32:17420020 	ffffffffffff	4437e6446377	0806	00	01	0800	0604	00	01	44	37	e644	6377c0a8	001e0000	0000	0000	c0a80062	00000000	0000	0000	0000	0000	00	00	00	00	00	00	PROBE
04:32:17420159 	ffffffffffff	4437e6446377	0806	00	01	0800	0604	00	01	44	37	e644	6377c0a8	001e0000	0000	0000	c0a80061	00000000	0000	0000	0000	0000	00	00	00	00	00	00	PROBE
04:32:17420323 	ffffffffffff	4437e6446377	0806	00	01	0800	0604	00	01	44	37	e644	6377c0a8	001e0000	0000	0000	c0a80063	00000000	0000	0000	0000	0000	00	00	00	00	00	00	PROBE
04:32:17420328 	ffffffffffff	4437e6446377	0806	00	01	0800	0604	00	01	44	37	e644	6377c0a8	001e0000	0000	0000	c0a8005b	00000000	0000	0000	0000	0000	00	00	00	00	00	00	PROBE
04:32:17420530 	ffffffffffff	4437e6446377	0806	00	01	0800	0604	00	01	44	37	e644	6377c0a8	001e0000	0000	0000	c0a8005f	00000000	0000	0000	0000	0000	00	00	00	00	00	00	PROBE
04:32:17420537 	ffffffffffff	4437e6446377	0806	00	01	0800	0604	00	01	44	37	e644	6377c0a8	001e0000	0000	0000	c0a8005c	00000000	0000	0000	0000	0000	00	00	00	00	00	00	PROBE
04:32:17421367 	ffffffffffff	4437e6446377	0806	00	01	0800	0604	00	01	44	37	e644	6377c0a8	001e0000	0000	0000	c0a8005e	00000000	0000	0000	0000	0000	00	00	00	00	00	00	PROBE
04:32:17441370 	ffffffffffff	4437e6446377	0806	00	01	0800	0604	00	01	44	37	e644	6377c0a8	001e0000	0000	0000	c0a80064	00000000	0000	0000	0000	0000	00	00	00	00	00	00	PROBE
04:32:17441382 	ffffffffffff	4437e6446377	0806	00	01	0800	0604	00	01	44	37	e644	6377c0a8	001e0000	0000	0000	c0a80069	00000000	0000	0000	0000	0000	00	00	00	00	00	00	PROBE
04:32:17441385 	ffffffffffff	4437e6446377	0806	00	01	0800	0604	00	01	44	37	e644	6377c0a8	001e0000	0000	0000	c0a80065	00000000	0000	0000	0000	0000	00	00	00	00	00	00	PROBE
04:32:17441387 	ffffffffffff	4437e6446377	0806	00	01	0800	0604	00	01	44	37	e644	6377c0a8	001e0000	0000	0000	c0a80066	00000000	0000	0000	0000	0000	00	00	00	00	00	00	PROBE
04:32:17441390 	ffffffffffff	4437e6446377	0806	00	01	0800	0604	00	01	44	37	e644	6377c0a8	001e0000	0000	0000	c0a80068	00000000	0000	0000	0000	0000	00	00	00	00	00	00	PROBE
04:32:17441640 	ffffffffffff	4437e6446377	0806	00	01	0800	0604	00	01	44	37	e644	6377c0a8	001e0000	0000	0000	c0a8006a	00000000	0000	0000	0000	0000	00	00	00	00	00	00	PROBE
04:32:17441647 	ffffffffffff	4437e6446377	0806	00	01	0800	0604	00	01	44	37	e644	6377c0a8	001e0000	0000	0000	c0a80067	00000000	0000	0000	0000	0000	00	00	00	00	00	00	PROBE
04:32:17442385 	ffffffffffff	4437e6446377	0806	00	01	0800	0604	00	01	44	37	e644	6377c0a8	001e0000	0000	0000	c0a8006b	00000000	0000	0000	0000	0000	00	00	00	00	00	00	PROBE
04:32:17442391 	ffffffffffff	4437e6446377	0806	00	01	0800	0604	00	01	44	37	e644	6377c0a8	001e0000	0000	0000	c0a80077	00000000	0000	0000	0000	0000	00	00	00	00	00	00	PROBE
04:32:17442394 	ffffffffffff	4437e6446377	0806	00	01	0800	0604	00	01	44	37	e644	6377c0a8	001e0000	0000	0000	c0a8006c	00000000	0000	0000	0000	0000	00	00	00	00	00	00	PROBE
04:32:17442525 	ffffffffffff	4437e6446377	0806	00	01	0800	0604	00	01	44	37	e644	6377c0a8	001e0000	0000	0000	c0a8007e	00000000	0000	0000	0000	0000	00	00	00	00	00	00	PROBE
04:32:17442531 	ffffffffffff	4437e6446377	0806	00	01	0800	0604	00	01	44	37	e644	6377c0a8	001e0000	0000	0000	c0a8006f	00000000	0000	0000	0000	0000	00	00	00	00	00	00	PROBE
04:32:17442534 	ffffffffffff	4437e6446377	0806	00	01	0800	0604	00	01	44	37	e644	6377c0a8	001e0000	0000	0000	c0a80072	00000000	0000	0000	0000	0000	00	00	00	00	00	00	PROBE
04:32:17442682 	ffffffffffff	4437e6446377	0806	00	01	0800	0604	00	01	44	37	e644	6377c0a8	001e0000	0000	0000	c0a8006d	00000000	0000	0000	0000	0000	00	00	00	00	00	00	PROBE
04:32:17442689 	ffffffffffff	4437e6446377	0806	00	01	0800	0604	00	01	44	37	e644	6377c0a8	001e0000	0000	0000	c0a8007f	00000000	0000	0000	0000	0000	00	00	00	00	00	00	PROBE
04:32:17442692 	ffffffffffff	4437e6446377	0806	00	01	0800	0604	00	01	44	37	e644	6377c0a8	001e0000	0000	0000	c0a8007d	00000000	0000	0000	0000	0000	00	00	00	00	00	00	PROBE
04:32:17442829 	ffffffffffff	4437e6446377	0806	00	01	0800	0604	00	01	44	37	e644	6377c0a8	001e0000	0000	0000	c0a8007b	00000000	0000	0000	0000	0000	00	00	00	00	00	00	PROBE
04:32:17442834 	ffffffffffff	4437e6446377	0806	00	01	0800	0604	00	01	44	37	e644	6377c0a8	001e0000	0000	0000	c0a8007a	00000000	0000	0000	0000	0000	00	00	00	00	00	00	PROBE
04:32:17442837 	ffffffffffff	4437e6446377	0806	00	01	0800	0604	00	01	44	37	e644	6377c0a8	001e0000	0000	0000	c0a80079	00000000	0000	0000	0000	0000	00	00	00	00	00	00	PROBE
04:32:17442840 	ffffffffffff	4437e6446377	0806	00	01	0800	0604	00	01	44	37	e644	6377c0a8	001e0000	0000	0000	c0a80078	00000000	0000	0000	0000	0000	00	00	00	00	00	00	PROBE
04:32:17442843 	ffffffffffff	4437e6446377	0806	00	01	0800	0604	00	01	44	37	e644	6377c0a8	001e0000	0000	0000	c0a80076	00000000	0000	0000	0000	0000	00	00	00	00	00	00	PROBE
04:32:17442845 	ffffffffffff	4437e6446377	0806	00	01	0800	0604	00	01	44	37	e644	6377c0a8	001e0000	0000	0000	c0a80074	00000000	0000	0000	0000	0000	00	00	00	00	00	00	PROBE
04:32:17442991 	ffffffffffff	4437e6446377	0806	00	01	0800	0604	00	01	44	37	e644	6377c0a8	001e0000	0000	0000	c0a80075	00000000	0000	0000	0000	0000	00	00	00	00	00	00	PROBE
04:32:17442996 	ffffffffffff	4437e6446377	0806	00	01	0800	0604	00	01	44	37	e644	6377c0a8	001e0000	0000	0000	c0a80073	00000000	0000	0000	0000	0000	00	00	00	00	00	00	PROBE
04:32:17442999 	ffffffffffff	4437e6446377	0806	00	01	0800	0604	00	01	44	37	e644	6377c0a8	001e0000	0000	0000	c0a80070	00000000	0000	0000	0000	0000	00	00	00	00	00	00	PROBE
04:32:17443002 	ffffffffffff	4437e6446377	0806	00	01	0800	0604	00	01	44	37	e644	6377c0a8	001e0000	0000	0000	c0a8006e	00000000	0000	0000	0000	0000	00	00	00	00	00	00	PROBE
04:32:17443005 	ffffffffffff	4437e6446377	0806	00	01	0800	0604	00	01	44	37	e644	6377c0a8	001e0000	0000	0000	c0a80071	00000000	0000	0000	0000	0000	00	00	00	00	00	00	PROBE
04:32:17443008 	ffffffffffff	4437e6446377	0806	00	01	0800	0604	00	01	44	37	e644	6377c0a8	001e0000	0000	0000	c0a80080	00000000	0000	0000	0000	0000	00	00	00	00	00	00	PROBE
04:32:17443157 	ffffffffffff	4437e6446377	0806	00	01	0800	0604	00	01	44	37	e644	6377c0a8	001e0000	0000	0000	c0a8007c	00000000	0000	0000	0000	0000	00	00	00	00	00	00	PROBE
04:32:18395264 	ffffffffffff	4437e6446377	0806	00	01	0800	0604	00	01	44	37	e644	6377c0a8	001e0000	0000	0000	c0a80057	00000000	0000	0000	0000	0000	00	00	00	00	00	00	PROBE
04:32:18395282 	ffffffffffff	4437e6446377	0806	00	01	0800	0604	00	01	44	37	e644	6377c0a8	001e0000	0000	0000	c0a80058	00000000	0000	0000	0000	0000	00	00	00	00	00	00	PROBE
04:32:18395285 	ffffffffffff	4437e6446377	0806	00	01	0800	0604	00	01	44	37	e644	6377c0a8	001e0000	0000	0000	c0a80059	00000000	0000	0000	0000	0000	00	00	00	00	00	00	PROBE
04:32:18395288 	ffffffffffff	4437e6446377	0806	00	01	0800	0604	00	01	44	37	e644	6377c0a8	001e0000	0000	0000	c0a8005a	00000000	0000	0000	0000	0000	00	00	00	00	00	00	PROBE
04:32:18395291 	ffffffffffff	4437e6446377	0806	00	01	0800	0604	00	01	44	37	e644	6377c0a8	001e0000	0000	0000	c0a80060	00000000	0000	0000	0000	0000	00	00	00	00	00	00	PROBE
04:32:18395294 	ffffffffffff	4437e6446377	0806	00	01	0800	0604	00	01	44	37	e644	6377c0a8	001e0000	0000	0000	c0a8005d	00000000	0000	0000	0000	0000	00	00	00	00	00	00	PROBE
04:32:18395296 	ffffffffffff	4437e6446377	0806	00	01	0800	0604	00	01	44	37	e644	6377c0a8	001e0000	0000	0000	c0a80062	00000000	0000	0000	0000	0000	00	00	00	00	00	00	PROBE
04:32:18395300 	ffffffffffff	4437e6446377	0806	00	01	0800	0604	00	01	44	37	e644	6377c0a8	001e0000	0000	0000	c0a80061	00000000	0000	0000	0000	0000	00	00	00	00	00	00	PROBE
04:32:18395302 	ffffffffffff	4437e6446377	0806	00	01	0800	0604	00	01	44	37	e644	6377c0a8	001e0000	0000	0000	c0a80063	00000000	0000	0000	0000	0000	00	00	00	00	00	00	PROBE
04:32:18395305 	ffffffffffff	4437e6446377	0806	00	01	0800	0604	00	01	44	37	e644	6377c0a8	001e0000	0000	0000	c0a8005b	00000000	0000	0000	0000	0000	00	00	00	00	00	00	PROBE
04:32:18395308 	ffffffffffff	4437e6446377	0806	00	01	0800	0604	00	01	44	37	e644	6377c0a8	001e0000	0000	0000	c0a8005f	00000000	0000	0000	0000	0000	00	00	00	00	00	00	PROBE
04:32:18395338 	ffffffffffff	4437e6446377	0806	00	01	0800	0604	00	01	44	37	e644	6377c0a8	001e0000	0000	0000	c0a8005c	00000000	0000	0000	0000	0000	00	00	00	00	00	00	PROBE
04:32:18395345 	ffffffffffff	4437e6446377	0806	00	01	0800	0604	00	01	44	37	e644	6377c0a8	001e0000	0000	0000	c0a8005e	00000000	0000	0000	0000	0000	00	00	00	00	00	00	PROBE
04:32:18395348 	ffffffffffff	4437e6446377	0806	00	01	0800	0604	00	01	44	37	e644	6377c0a8	001e0000	0000	0000	c0a80064	00000000	0000	0000	0000	0000	00	00	00	00	00	00	PROBE
04:32:18395351 	ffffffffffff	4437e6446377	0806	00	01	0800	0604	00	01	44	37	e644	6377c0a8	001e0000	0000	0000	c0a80069	00000000	0000	0000	0000	0000	00	00	00	00	00	00	PROBE
04:32:18395354 	ffffffffffff	4437e6446377	0806	00	01	0800	0604	00	01	44	37	e644	6377c0a8	001e0000	0000	0000	c0a80065	00000000	0000	0000	0000	0000	00	00	00	00	00	00	PROBE
04:32:18395357 	ffffffffffff	4437e6446377	0806	00	01	0800	0604	00	01	44	37	e644	6377c0a8	001e0000	0000	0000	c0a80066	00000000	0000	0000	0000	0000	00	00	00	00	00	00	PROBE
04:32:18395359 	ffffffffffff	4437e6446377	0806	00	01	0800	0604	00	01	44	37	e644	6377c0a8	001e0000	0000	0000	c0a80068	00000000	0000	0000	0000	0000	00	00	00	00	00	00	PROBE
04:32:18395362 	ffffffffffff	4437e6446377	0806	00	01	0800	0604	00	01	44	37	e644	6377c0a8	001e0000	0000	0000	c0a8006a	00000000	0000	0000	0000	0000	00	00	00	00	00	00	PROBE
04:32:18395365 	ffffffffffff	4437e6446377	0806	00	01	0800	0604	00	01	44	37	e644	6377c0a8	001e0000	0000	0000	c0a80067	00000000	0000	0000	0000	0000	00	00	00	00	00	00	PROBE
04:32:18395368 	ffffffffffff	4437e6446377	0806	00	01	0800	0604	00	01	44	37	e644	6377c0a8	001e0000	0000	0000	c0a8006b	00000000	0000	0000	0000	0000	00	00	00	00	00	00	PROBE
04:32:18395371 	ffffffffffff	4437e6446377	0806	00	01	0800	0604	00	01	44	37	e644	6377c0a8	001e0000	0000	0000	c0a80077	00000000	0000	0000	0000	0000	00	00	00	00	00	00	PROBE
04:32:18395374 	ffffffffffff	4437e6446377	0806	00	01	0800	0604	00	01	44	37	e644	6377c0a8	001e0000	0000	0000	c0a8006c	00000000	0000	0000	0000	0000	00	00	00	00	00	00	PROBE
04:32:18395377 	ffffffffffff	4437e6446377	0806	00	01	0800	0604	00	01	44	37	e644	6377c0a8	001e0000	0000	0000	c0a8007e	00000000	0000	0000	0000	0000	00	00	00	00	00	00	PROBE
04:32:18395380 	ffffffffffff	4437e6446377	0806	00	01	0800	0604	00	01	44	37	e644	6377c0a8	001e0000	0000	0000	c0a8006f	00000000	0000	0000	0000	0000	00	00	00	00	00	00	PROBE
04:32:18395382 	ffffffffffff	4437e6446377	0806	00	01	0800	0604	00	01	44	37	e644	6377c0a8	001e0000	0000	0000	c0a80072	00000000	0000	0000	0000	0000	00	00	00	00	00	00	PROBE
04:32:18395385 	ffffffffffff	4437e6446377	0806	00	01	0800	0604	00	01	44	37	e644	6377c0a8	001e0000	0000	0000	c0a8006d	00000000	0000	0000	0000	0000	00	00	00	00	00	00	PROBE
04:32:18395388 	ffffffffffff	4437e6446377	0806	00	01	0800	0604	00	01	44	37	e644	6377c0a8	001e0000	0000	0000	c0a8007f	00000000	0000	0000	0000	0000	00	00	00	00	00	00	PROBE
04:32:18395391 	ffffffffffff	4437e6446377	0806	00	01	0800	0604	00	01	44	37	e644	6377c0a8	001e0000	0000	0000	c0a8007d	00000000	0000	0000	0000	0000	00	00	00	00	00	00	PROBE
04:32:18395393 	ffffffffffff	4437e6446377	0806	00	01	0800	0604	00	01	44	37	e644	6377c0a8	001e0000	0000	0000	c0a8007b	00000000	0000	0000	0000	0000	00	00	00	00	00	00	PROBE
04:32:18395396 	ffffffffffff	4437e6446377	0806	00	01	0800	0604	00	01	44	37	e644	6377c0a8	001e0000	0000	0000	c0a8007a	00000000	0000	0000	0000	0000	00	00	00	00	00	00	PROBE
04:32:18395399 	ffffffffffff	4437e6446377	0806	00	01	0800	0604	00	01	44	37	e644	6377c0a8	001e0000	0000	0000	c0a80079	00000000	0000	0000	0000	0000	00	00	00	00	00	00	PROBE
04:32:18395401 	ffffffffffff	4437e6446377	0806	00	01	0800	0604	00	01	44	37	e644	6377c0a8	001e0000	0000	0000	c0a80078	00000000	0000	0000	0000	0000	00	00	00	00	00	00	PROBE
04:32:18395404 	ffffffffffff	4437e6446377	0806	00	01	0800	0604	00	01	44	37	e644	6377c0a8	001e0000	0000	0000	c0a80076	00000000	0000	0000	0000	0000	00	00	00	00	00	00	PROBE
04:32:18395407 	ffffffffffff	4437e6446377	0806	00	01	0800	0604	00	01	44	37	e644	6377c0a8	001e0000	0000	0000	c0a80074	00000000	0000	0000	0000	0000	00	00	00	00	00	00	PROBE
04:32:18395410 	ffffffffffff	4437e6446377	0806	00	01	0800	0604	00	01	44	37	e644	6377c0a8	001e0000	0000	0000	c0a80075	00000000	0000	0000	0000	0000	00	00	00	00	00	00	PROBE
04:32:18395412 	ffffffffffff	4437e6446377	0806	00	01	0800	0604	00	01	44	37	e644	6377c0a8	001e0000	0000	0000	c0a80073	00000000	0000	0000	0000	0000	00	00	00	00	00	00	PROBE
04:32:18395460 	ffffffffffff	4437e6446377	0806	00	01	0800	0604	00	01	44	37	e644	6377c0a8	001e0000	0000	0000	c0a80070	00000000	0000	0000	0000	0000	00	00	00	00	00	00	PROBE
04:32:18395465 	ffffffffffff	4437e6446377	0806	00	01	0800	0604	00	01	44	37	e644	6377c0a8	001e0000	0000	0000	c0a8006e	00000000	0000	0000	0000	0000	00	00	00	00	00	00	PROBE
04:32:18395468 	ffffffffffff	4437e6446377	0806	00	01	0800	0604	00	01	44	37	e644	6377c0a8	001e0000	0000	0000	c0a80071	00000000	0000	0000	0000	0000	00	00	00	00	00	00	PROBE
04:32:18395471 	ffffffffffff	4437e6446377	0806	00	01	0800	0604	00	01	44	37	e644	6377c0a8	001e0000	0000	0000	c0a80080	00000000	0000	0000	0000	0000	00	00	00	00	00	00	PROBE
04:32:18395473 	ffffffffffff	4437e6446377	0806	00	01	0800	0604	00	01	44	37	e644	6377c0a8	001e0000	0000	0000	c0a8007c	00000000	0000	0000	0000	0000	00	00	00	00	00	00	PROBE
04:32:19385090 	333300010003	4437e6440c9e	86dd	60	00	0000	0021	11	01	fe	80	0000	00000000	70c08fce	ea35	8006	ff020000	00000000	0000	0000	0001	0003	c1	13	14	eb	00	21	82	af	22	6f	00	00	00	01	00	00	00	00	00	00	07	63	6f	6d	70	31	33	39	00	00	01	00	01	NORMAL
04:32:19385353 	01005e0000fc	4437e6440c9e	0800	45	00	0035	31e3	00	00	01	11	e611	c0a8001f	e00000fc	db81	14eb	00212ed0	226f0000	0001	0000	0000	0000	07	63	6f	6d	70	31	33	39	00	00	01	00	01	NORMAL
04:32:19395264 	ffffffffffff	4437e6446377	0806	00	01	0800	0604	00	01	44	37	e644	6377c0a8	001e0000	0000	0000	c0a80057	00000000	0000	0000	0000	0000	00	00	00	00	00	00	PROBE
04:32:19395280 	ffffffffffff	4437e6446377	0806	00	01	0800	0604	00	01	44	37	e644	6377c0a8	001e0000	0000	0000	c0a80058	00000000	0000	0000	0000	0000	00	00	00	00	00	00	PROBE
04:32:19395283 	ffffffffffff	4437e6446377	0806	00	01	0800	0604	00	01	44	37	e644	6377c0a8	001e0000	0000	0000	c0a80059	00000000	0000	0000	0000	0000	00	00	00	00	00	00	PROBE
04:32:19395286 	ffffffffffff	4437e6446377	0806	00	01	0800	0604	00	01	44	37	e644	6377c0a8	001e0000	0000	0000	c0a8005a	00000000	0000	0000	0000	0000	00	00	00	00	00	00	PROBE
04:32:19395289 	ffffffffffff	4437e6446377	0806	00	01	0800	0604	00	01	44	37	e644	6377c0a8	001e0000	0000	0000	c0a80060	00000000	0000	0000	0000	0000	00	00	00	00	00	00	PROBE
04:32:19395292 	ffffffffffff	4437e6446377	0806	00	01	0800	0604	00	01	44	37	e644	6377c0a8	001e0000	0000	0000	c0a8005d	00000000	0000	0000	0000	0000	00	00	00	00	00	00	PROBE
04:32:19395295 	ffffffffffff	4437e6446377	0806	00	01	0800	0604	00	01	44	37	e644	6377c0a8	001e0000	0000	0000	c0a80062	00000000	0000	0000	0000	0000	00	00	00	00	00	00	PROBE
04:32:19395297 	ffffffffffff	4437e6446377	0806	00	01	0800	0604	00	01	44	37	e644	6377c0a8	001e0000	0000	0000	c0a80061	00000000	0000	0000	0000	0000	00	00	00	00	00	00	PROBE
04:32:19395300 	ffffffffffff	4437e6446377	0806	00	01	0800	0604	00	01	44	37	e644	6377c0a8	001e0000	0000	0000	c0a80063	00000000	0000	0000	0000	0000	00	00	00	00	00	00	PROBE
04:32:19395303 	ffffffffffff	4437e6446377	0806	00	01	0800	0604	00	01	44	37	e644	6377c0a8	001e0000	0000	0000	c0a8005b	00000000	0000	0000	0000	0000	00	00	00	00	00	00	PROBE
04:32:19395334 	ffffffffffff	4437e6446377	0806	00	01	0800	0604	00	01	44	37	e644	6377c0a8	001e0000	0000	0000	c0a8005f	00000000	0000	0000	0000	0000	00	00	00	00	00	00	PROBE
04:32:19395340 	ffffffffffff	4437e6446377	0806	00	01	0800	0604	00	01	44	37	e644	6377c0a8	001e0000	0000	0000	c0a8005c	00000000	0000	0000	0000	0000	00	00	00	00	00	00	PROBE
04:32:19395343 	ffffffffffff	4437e6446377	0806	00	01	0800	0604	00	01	44	37	e644	6377c0a8	001e0000	0000	0000	c0a8005e	00000000	0000	0000	0000	0000	00	00	00	00	00	00	PROBE
04:32:19395346 	ffffffffffff	4437e6446377	0806	00	01	0800	0604	00	01	44	37	e644	6377c0a8	001e0000	0000	0000	c0a80064	00000000	0000	0000	0000	0000	00	00	00	00	00	00	PROBE
04:32:19395348 	ffffffffffff	4437e6446377	0806	00	01	0800	0604	00	01	44	37	e644	6377c0a8	001e0000	0000	0000	c0a80069	00000000	0000	0000	0000	0000	00	00	00	00	00	00	PROBE
04:32:19395352 	ffffffffffff	4437e6446377	0806	00	01	0800	0604	00	01	44	37	e644	6377c0a8	001e0000	0000	0000	c0a80065	00000000	0000	0000	0000	0000	00	00	00	00	00	00	PROBE
04:32:19395354 	ffffffffffff	4437e6446377	0806	00	01	0800	0604	00	01	44	37	e644	6377c0a8	001e0000	0000	0000	c0a80066	00000000	0000	0000	0000	0000	00	00	00	00	00	00	PROBE
04:32:19395357 	ffffffffffff	4437e6446377	0806	00	01	0800	0604	00	01	44	37	e644	6377c0a8	001e0000	0000	0000	c0a80068	00000000	0000	0000	0000	0000	00	00	00	00	00	00	PROBE
04:32:19395360 	ffffffffffff	4437e6446377	0806	00	01	0800	0604	00	01	44	37	e644	6377c0a8	001e0000	0000	0000	c0a8006a	00000000	0000	0000	0000	0000	00	00	00	00	00	00	PROBE
04:32:19395364 	ffffffffffff	4437e6446377	0806	00	01	0800	0604	00	01	44	37	e644	6377c0a8	001e0000	0000	0000	c0a80067	00000000	0000	0000	0000	0000	00	00	00	00	00	00	PROBE
04:32:19395367 	ffffffffffff	4437e6446377	0806	00	01	0800	0604	00	01	44	37	e644	6377c0a8	001e0000	0000	0000	c0a8006b	00000000	0000	0000	0000	0000	00	00	00	00	00	00	PROBE
04:32:19395370 	ffffffffffff	4437e6446377	0806	00	01	0800	0604	00	01	44	37	e644	6377c0a8	001e0000	0000	0000	c0a80077	00000000	0000	0000	0000	0000	00	00	00	00	00	00	PROBE
04:32:19395372 	ffffffffffff	4437e6446377	0806	00	01	0800	0604	00	01	44	37	e644	6377c0a8	001e0000	0000	0000	c0a8006c	00000000	0000	0000	0000	0000	00	00	00	00	00	00	PROBE
04:32:19395375 	ffffffffffff	4437e6446377	0806	00	01	0800	0604	00	01	44	37	e644	6377c0a8	001e0000	0000	0000	c0a8007e	00000000	0000	0000	0000	0000	00	00	00	00	00	00	PROBE
04:32:19395378 	ffffffffffff	4437e6446377	0806	00	01	0800	0604	00	01	44	37	e644	6377c0a8	001e0000	0000	0000	c0a8006f	00000000	0000	0000	0000	0000	00	00	00	00	00	00	PROBE
04:32:19395381 	ffffffffffff	4437e6446377	0806	00	01	0800	0604	00	01	44	37	e644	6377c0a8	001e0000	0000	0000	c0a80072	00000000	0000	0000	0000	0000	00	00	00	00	00	00	PROBE
04:32:19395384 	ffffffffffff	4437e6446377	0806	00	01	0800	0604	00	01	44	37	e644	6377c0a8	001e0000	0000	0000	c0a8006d	00000000	0000	0000	0000	0000	00	00	00	00	00	00	PROBE
04:32:19395386 	ffffffffffff	4437e6446377	0806	00	01	0800	0604	00	01	44	37	e644	6377c0a8	001e0000	0000	0000	c0a8007f	00000000	0000	0000	0000	0000	00	00	00	00	00	00	PROBE
04:32:19395389 	ffffffffffff	4437e6446377	0806	00	01	0800	0604	00	01	44	37	e644	6377c0a8	001e0000	0000	0000	c0a8007d	00000000	0000	0000	0000	0000	00	00	00	00	00	00	PROBE
04:32:19395393 	ffffffffffff	4437e6446377	0806	00	01	0800	0604	00	01	44	37	e644	6377c0a8	001e0000	0000	0000	c0a8007b	00000000	0000	0000	0000	0000	00	00	00	00	00	00	PROBE
04:32:19395395 	ffffffffffff	4437e6446377	0806	00	01	0800	0604	00	01	44	37	e644	6377c0a8	001e0000	0000	0000	c0a8007a	00000000	0000	0000	0000	0000	00	00	00	00	00	00	PROBE
04:32:19395398 	ffffffffffff	4437e6446377	0806	00	01	0800	0604	00	01	44	37	e644	6377c0a8	001e0000	0000	0000	c0a80079	00000000	0000	0000	0000	0000	00	00	00	00	00	00	PROBE
04:32:19395401 	ffffffffffff	4437e6446377	0806	00	01	0800	0604	00	01	44	37	e644	6377c0a8	001e0000	0000	0000	c0a80078	00000000	0000	0000	0000	0000	00	00	00	00	00	00	PROBE
04:32:19395404 	ffffffffffff	4437e6446377	0806	00	01	0800	0604	00	01	44	37	e644	6377c0a8	001e0000	0000	0000	c0a80076	00000000	0000	0000	0000	0000	00	00	00	00	00	00	PROBE
04:32:19395407 	ffffffffffff	4437e6446377	0806	00	01	0800	0604	00	01	44	37	e644	6377c0a8	001e0000	0000	0000	c0a80074	00000000	0000	0000	0000	0000	00	00	00	00	00	00	PROBE
04:32:19395409 	ffffffffffff	4437e6446377	0806	00	01	0800	0604	00	01	44	37	e644	6377c0a8	001e0000	0000	0000	c0a80075	00000000	0000	0000	0000	0000	00	00	00	00	00	00	PROBE
04:32:19395456 	ffffffffffff	4437e6446377	0806	00	01	0800	0604	00	01	44	37	e644	6377c0a8	001e0000	0000	0000	c0a80073	00000000	0000	0000	0000	0000	00	00	00	00	00	00	PROBE
04:32:19395461 	ffffffffffff	4437e6446377	0806	00	01	0800	0604	00	01	44	37	e644	6377c0a8	001e0000	0000	0000	c0a80070	00000000	0000	0000	0000	0000	00	00	00	00	00	00	PROBE
04:32:19395464 	ffffffffffff	4437e6446377	0806	00	01	0800	0604	00	01	44	37	e644	6377c0a8	001e0000	0000	0000	c0a8006e	00000000	0000	0000	0000	0000	00	00	00	00	00	00	PROBE
04:32:19395467 	ffffffffffff	4437e6446377	0806	00	01	0800	0604	00	01	44	37	e644	6377c0a8	001e0000	0000	0000	c0a80071	00000000	0000	0000	0000	0000	00	00	00	00	00	00	PROBE
04:32:19395470 	ffffffffffff	4437e6446377	0806	00	01	0800	0604	00	01	44	37	e644	6377c0a8	001e0000	0000	0000	c0a80080	00000000	0000	0000	0000	0000	00	00	00	00	00	00	PROBE
04:32:19395473 	ffffffffffff	4437e6446377	0806	00	01	0800	0604	00	01	44	37	e644	6377c0a8	001e0000	0000	0000	c0a8007c	00000000	0000	0000	0000	0000	00	00	00	00	00	00	PROBE
04:32:19415207 	ffffffffffff	4437e6446377	0806	00	01	0800	0604	00	01	44	37	e644	6377c0a8	001e0000	0000	0000	c0a80083	00000000	0000	0000	0000	0000	00	00	00	00	00	00	PROBE
04:32:19415487 	ffffffffffff	4437e6446377	0806	00	01	0800	0604	00	01	44	37	e644	6377c0a8	001e0000	0000	0000	c0a80082	00000000	0000	0000	0000	0000	00	00	00	00	00	00	PROBE
04:32:19415494 	ffffffffffff	4437e6446377	0806	00	01	0800	0604	00	01	44	37	e644	6377c0a8	001e0000	0000	0000	c0a80084	00000000	0000	0000	0000	0000	00	00	00	00	00	00	PROBE
04:32:19415635 	ffffffffffff	4437e6446377	0806	00	01	0800	0604	00	01	44	37	e644	6377c0a8	001e0000	0000	0000	c0a80085	00000000	0000	0000	0000	0000	00	00	00	00	00	00	PROBE
04:32:19426243 	ffffffffffff	4437e6446377	0806	00	01	0800	0604	00	01	44	37	e644	6377c0a8	001e0000	0000	0000	c0a80081	00000000	0000	0000	0000	0000	00	00	00	00	00	00	PROBE
04:32:19427744 	ffffffffffff	4437e6446377	0806	00	01	0800	0604	00	01	44	37	e644	6377c0a8	001e0000	0000	0000	c0a8008e	00000000	0000	0000	0000	0000	00	00	00	00	00	00	PROBE
04:32:19427912 	ffffffffffff	4437e6446377	0806	00	01	0800	0604	00	01	44	37	e644	6377c0a8	001e0000	0000	0000	c0a80086	00000000	0000	0000	0000	0000	00	00	00	00	00	00	PROBE
04:32:19427919 	ffffffffffff	4437e6446377	0806	00	01	0800	0604	00	01	44	37	e644	6377c0a8	001e0000	0000	0000	c0a8008b	00000000	0000	0000	0000	0000	00	00	00	00	00	00	PROBE
04:32:19427922 	ffffffffffff	4437e6446377	0806	00	01	0800	0604	00	01	44	37	e644	6377c0a8	001e0000	0000	0000	c0a80090	00000000	0000	0000	0000	0000	00	00	00	00	00	00	PROBE
04:32:19428051 	ffffffffffff	4437e6446377	0806	00	01	0800	0604	00	01	44	37	e644	6377c0a8	001e0000	0000	0000	c0a80091	00000000	0000	0000	0000	0000	00	00	00	00	00	00	PROBE
04:32:19428056 	ffffffffffff	4437e6446377	0806	00	01	0800	0604	00	01	44	37	e644	6377c0a8	001e0000	0000	0000	c0a80088	00000000	0000	0000	0000	0000	00	00	00	00	00	00	PROBE
04:32:19428059 	ffffffffffff	4437e6446377	0806	00	01	0800	0604	00	01	44	37	e644	6377c0a8	001e0000	0000	0000	c0a8008a	00000000	0000	0000	0000	0000	00	00	00	00	00	00	PROBE
04:32:19428062 	ffffffffffff	4437e6446377	0806	00	01	0800	0604	00	01	44	37	e644	6377c0a8	001e0000	0000	0000	c0a8008c	00000000	0000	0000	0000	0000	00	00	00	00	00	00	PROBE
04:32:19428245 	ffffffffffff	4437e6446377	0806	00	01	0800	0604	00	01	44	37	e644	6377c0a8	001e0000	0000	0000	c0a8008d	00000000	0000	0000	0000	0000	00	00	00	00	00	00	PROBE
04:32:19428251 	ffffffffffff	4437e6446377	0806	00	01	0800	0604	00	01	44	37	e644	6377c0a8	001e0000	0000	0000	c0a80092	00000000	0000	0000	0000	0000	00	00	00	00	00	00	PROBE
04:32:19428399 	ffffffffffff	4437e6446377	0806	00	01	0800	0604	00	01	44	37	e644	6377c0a8	001e0000	0000	0000	c0a80089	00000000	0000	0000	0000	0000	00	00	00	00	00	00	PROBE
04:32:19434861 	ffffffffffff	4437e6446377	0806	00	01	0800	0604	00	01	44	37	e644	6377c0a8	001e0000	0000	0000	c0a80087	00000000	0000	0000	0000	0000	00	00	00	00	00	00	PROBE
04:32:19434874 	ffffffffffff	4437e6446377	0806	00	01	0800	0604	00	01	44	37	e644	6377c0a8	001e0000	0000	0000	c0a80096	00000000	0000	0000	0000	0000	00	00	00	00	00	00	PROBE
04:32:19434877 	ffffffffffff	4437e6446377	0806	00	01	0800	0604	00	01	44	37	e644	6377c0a8	001e0000	0000	0000	c0a8008f	00000000	0000	0000	0000	0000	00	00	00	00	00	00	PROBE
04:32:19435009 	ffffffffffff	4437e6446377	0806	00	01	0800	0604	00	01	44	37	e644	6377c0a8	001e0000	0000	0000	c0a8009a	00000000	0000	0000	0000	0000	00	00	00	00	00	00	PROBE
04:32:19435016 	ffffffffffff	4437e6446377	0806	00	01	0800	0604	00	01	44	37	e644	6377c0a8	001e0000	0000	0000	c0a80099	00000000	0000	0000	0000	0000	00	00	00	00	00	00	PROBE
04:32:19435019 	ffffffffffff	4437e6446377	0806	00	01	0800	0604	00	01	44	37	e644	6377c0a8	001e0000	0000	0000	c0a80093	00000000	0000	0000	0000	0000	00	00	00	00	00	00	PROBE
04:32:19435022 	ffffffffffff	4437e6446377	0806	00	01	0800	0604	00	01	44	37	e644	6377c0a8	001e0000	0000	0000	c0a8009e	00000000	0000	0000	0000	0000	00	00	00	00	00	00	PROBE
04:32:19435190 	ffffffffffff	4437e6446377	0806	00	01	0800	0604	00	01	44	37	e644	6377c0a8	001e0000	0000	0000	c0a800a1	00000000	0000	0000	0000	0000	00	00	00	00	00	00	PROBE
04:32:19435195 	ffffffffffff	4437e6446377	0806	00	01	0800	0604	00	01	44	37	e644	6377c0a8	001e0000	0000	0000	c0a8009c	00000000	0000	0000	0000	0000	00	00	00	00	00	00	PROBE
04:32:19435198 	ffffffffffff	4437e6446377	0806	00	01	0800	0604	00	01	44	37	e644	6377c0a8	001e0000	0000	0000	c0a80094	00000000	0000	0000	0000	0000	00	00	00	00	00	00	PROBE
04:32:19435201 	ffffffffffff	4437e6446377	0806	00	01	0800	0604	00	01	44	37	e644	6377c0a8	001e0000	0000	0000	c0a80095	00000000	0000	0000	0000	0000	00	00	00	00	00	00	PROBE
04:32:19435334 	ffffffffffff	4437e6446377	0806	00	01	0800	0604	00	01	44	37	e644	6377c0a8	001e0000	0000	0000	c0a80098	00000000	0000	0000	0000	0000	00	00	00	00	00	00	PROBE
04:32:19435341 	ffffffffffff	4437e6446377	0806	00	01	0800	0604	00	01	44	37	e644	6377c0a8	001e0000	0000	0000	c0a8009b	00000000	0000	0000	0000	0000	00	00	00	00	00	00	PROBE
04:32:19435344 	ffffffffffff	4437e6446377	0806	00	01	0800	0604	00	01	44	37	e644	6377c0a8	001e0000	0000	0000	c0a8009d	00000000	0000	0000	0000	0000	00	00	00	00	00	00	PROBE
04:32:19435346 	ffffffffffff	4437e6446377	0806	00	01	0800	0604	00	01	44	37	e644	6377c0a8	001e0000	0000	0000	c0a8009f	00000000	0000	0000	0000	0000	00	00	00	00	00	00	PROBE
04:32:19435349 	ffffffffffff	4437e6446377	0806	00	01	0800	0604	00	01	44	37	e644	6377c0a8	001e0000	0000	0000	c0a800a0	00000000	0000	0000	0000	0000	00	00	00	00	00	00	PROBE
04:32:19435499 	ffffffffffff	4437e6446377	0806	00	01	0800	0604	00	01	44	37	e644	6377c0a8	001e0000	0000	0000	c0a80097	00000000	0000	0000	0000	0000	00	00	00	00	00	00	PROBE
04:32:19436159 	ffffffffffff	4437e6446377	0806	00	01	0800	0604	00	01	44	37	e644	6377c0a8	001e0000	0000	0000	c0a800a9	00000000	0000	0000	0000	0000	00	00	00	00	00	00	PROBE
04:32:19436167 	ffffffffffff	4437e6446377	0806	00	01	0800	0604	00	01	44	37	e644	6377c0a8	001e0000	0000	0000	c0a800a4	00000000	0000	0000	0000	0000	00	00	00	00	00	00	PROBE
04:32:19436170 	ffffffffffff	4437e6446377	0806	00	01	0800	0604	00	01	44	37	e644	6377c0a8	001e0000	0000	0000	c0a800a6	00000000	0000	0000	0000	0000	00	00	00	00	00	00	PROBE
04:32:19436339 	ffffffffffff	4437e6446377	0806	00	01	0800	0604	00	01	44	37	e644	6377c0a8	001e0000	0000	0000	c0a800a2	00000000	0000	0000	0000	0000	00	00	00	00	00	00	PROBE
04:32:19436346 	ffffffffffff	4437e6446377	0806	00	01	0800	0604	00	01	44	37	e644	6377c0a8	001e0000	0000	0000	c0a800a3	00000000	0000	0000	0000	0000	00	00	00	00	00	00	PROBE
04:32:19436349 	ffffffffffff	4437e6446377	0806	00	01	0800	0604	00	01	44	37	e644	6377c0a8	001e0000	0000	0000	c0a800a5	00000000	0000	0000	0000	0000	00	00	00	00	00	00	PROBE
04:32:19436513 	ffffffffffff	4437e6446377	0806	00	01	0800	0604	00	01	44	37	e644	6377c0a8	001e0000	0000	0000	c0a800aa	00000000	0000	0000	0000	0000	00	00	00	00	00	00	PROBE
04:32:19436518 	ffffffffffff	4437e6446377	0806	00	01	0800	0604	00	01	44	37	e644	6377c0a8	001e0000	0000	0000	c0a800a8	00000000	0000	0000	0000	0000	00	00	00	00	00	00	PROBE
04:32:19436521 	ffffffffffff	4437e6446377	0806	00	01	0800	0604	00	01	44	37	e644	6377c0a8	001e0000	0000	0000	c0a800a7	00000000	0000	0000	0000	0000	00	00	00	00	00	00	PROBE
04:32:19484826 	333300010003	4437e6440c9e	86dd	60	00	0000	0021	11	01	fe	80	0000	00000000	70c08fce	ea35	8006	ff020000	00000000	0000	0000	0001	0003	c1	13	14	eb	00	21	82	af	22	6f	00	00	00	01	00	00	00	00	00	00	07	63	6f	6d	70	31	33	39	00	00	01	00	01	NORMAL
04:32:19484929 	01005e0000fc	4437e6440c9e	0800	45	00	0035	31e4	00	00	01	11	e610	c0a8001f	e00000fc	db81	14eb	00212ed0	226f0000	0001	0000	0000	0000	07	63	6f	6d	70	31	33	39	00	00	01	00	01	NORMAL
04:32:19685219 	ffffffffffff	4437e6440c9e	0800	45	00	004e	31e5	00	00	80	11	864b	c0a8001f	c0a800ff	0089	0089	003a215f	f9270110	0001	0000	0000	0000	20	45	44	45	50	45	4e	46	41	44	42	44	44	44	4a	43	41	43	41	43	41	43	41	43	41	43	41	43	41	43	41	43	41	00	00	20	00	01	NORMAL
04:32:20395352 	ffffffffffff	4437e6446377	0806	00	01	0800	0604	00	01	44	37	e644	6377c0a8	001e0000	0000	0000	c0a80083	00000000	0000	0000	0000	0000	00	00	00	00	00	00	PROBE
04:32:20395371 	ffffffffffff	4437e6446377	0806	00	01	0800	0604	00	01	44	37	e644	6377c0a8	001e0000	0000	0000	c0a80082	00000000	0000	0000	0000	0000	00	00	00	00	00	00	PROBE
04:32:20395374 	ffffffffffff	4437e6446377	0806	00	01	0800	0604	00	01	44	37	e644	6377c0a8	001e0000	0000	0000	c0a80084	00000000	0000	0000	0000	0000	00	00	00	00	00	00	PROBE
04:32:20395378 	ffffffffffff	4437e6446377	0806	00	01	0800	0604	00	01	44	37	e644	6377c0a8	001e0000	0000	0000	c0a80085	00000000	0000	0000	0000	0000	00	00	00	00	00	00	PROBE
04:32:20395381 	ffffffffffff	4437e6446377	0806	00	01	0800	0604	00	01	44	37	e644	6377c0a8	001e0000	0000	0000	c0a80081	00000000	0000	0000	0000	0000	00	00	00	00	00	00	PROBE
04:32:20395383 	ffffffffffff	4437e6446377	0806	00	01	0800	0604	00	01	44	37	e644	6377c0a8	001e0000	0000	0000	c0a8008e	00000000	0000	0000	0000	0000	00	00	00	00	00	00	PROBE
04:32:20395386 	ffffffffffff	4437e6446377	0806	00	01	0800	0604	00	01	44	37	e644	6377c0a8	001e0000	0000	0000	c0a80086	00000000	0000	0000	0000	0000	00	00	00	00	00	00	PROBE
04:32:20395389 	ffffffffffff	4437e6446377	0806	00	01	0800	0604	00	01	44	37	e644	6377c0a8	001e0000	0000	0000	c0a8008b	00000000	0000	0000	0000	0000	00	00	00	00	00	00	PROBE
04:32:20395392 	ffffffffffff	4437e6446377	0806	00	01	0800	0604	00	01	44	37	e644	6377c0a8	001e0000	0000	0000	c0a80090	00000000	0000	0000	0000	0000	00	00	00	00	00	00	PROBE
04:32:20395395 	ffffffffffff	4437e6446377	0806	00	01	0800	0604	00	01	44	37	e644	6377c0a8	001e0000	0000	0000	c0a80091	00000000	0000	0000	0000	0000	00	00	00	00	00	00	PROBE
04:32:20395398 	ffffffffffff	4437e6446377	0806	00	01	0800	0604	00	01	44	37	e644	6377c0a8	001e0000	0000	0000	c0a80088	00000000	0000	0000	0000	0000	00	00	00	00	00	00	PROBE
04:32:20395432 	ffffffffffff	4437e6446377	0806	00	01	0800	0604	00	01	44	37	e644	6377c0a8	001e0000	0000	0000	c0a8008a	00000000	0000	0000	0000	0000	00	00	00	00	00	00	PROBE
04:32:20395438 	ffffffffffff	4437e6446377	0806	00	01	0800	0604	00	01	44	37	e644	6377c0a8	001e0000	0000	0000	c0a8008c	00000000	0000	0000	0000	0000	00	00	00	00	00	00	PROBE
04:32:20395442 	ffffffffffff	4437e6446377	0806	00	01	0800	0604	00	01	44	37	e644	6377c0a8	001e0000	0000	0000	c0a8008d	00000000	0000	0000	0000	0000	00	00	00	00	00	00	PROBE
04:32:20395444 	ffffffffffff	4437e6446377	0806	00	01	0800	0604	00	01	44	37	e644	6377c0a8	001e0000	0000	0000	c0a80092	00000000	0000	0000	0000	0000	00	00	00	00	00	00	PROBE
04:32:20395447 	ffffffffffff	4437e6446377	0806	00	01	0800	0604	00	01	44	37	e644	6377c0a8	001e0000	0000	0000	c0a80089	00000000	0000	0000	0000	0000	00	00	00	00	00	00	PROBE
04:32:20395450 	ffffffffffff	4437e6446377	0806	00	01	0800	0604	00	01	44	37	e644	6377c0a8	001e0000	0000	0000	c0a80087	00000000	0000	0000	0000	0000	00	00	00	00	00	00	PROBE
04:32:20395453 	ffffffffffff	4437e6446377	0806	00	01	0800	0604	00	01	44	37	e644	6377c0a8	001e0000	0000	0000	c0a80096	00000000	0000	0000	0000	0000	00	00	00	00	00	00	PROBE
04:32:20395456 	ffffffffffff	4437e6446377	0806	00	01	0800	0604	00	01	44	37	e644	6377c0a8	001e0000	0000	0000	c0a8008f	00000000	0000	0000	0000	0000	00	00	00	00	00	00	PROBE
04:32:20395458 	ffffffffffff	4437e6446377	0806	00	01	0800	0604	00	01	44	37	e644	6377c0a8	001e0000	0000	0000	c0a8009a	00000000	0000	0000	0000	0000	00	00	00	00	00	00	PROBE
04:32:20395461 	ffffffffffff	4437e6446377	0806	00	01	0800	0604	00	01	44	37	e644	6377c0a8	001e0000	0000	0000	c0a80099	00000000	0000	0000	0000	0000	00	00	00	00	00	00	PROBE
04:32:20395464 	ffffffffffff	4437e6446377	0806	00	01	0800	0604	00	01	44	37	e644	6377c0a8	001e0000	0000	0000	c0a80093	00000000	0000	0000	0000	0000	00	00	00	00	00	00	PROBE
04:32:20395467 	ffffffffffff	4437e6446377	0806	00	01	0800	0604	00	01	44	37	e644	6377c0a8	001e0000	0000	0000	c0a8009e	00000000	0000	0000	0000	0000	00	00	00	00	00	00	PROBE
04:32:20395470 	ffffffffffff	4437e6446377	0806	00	01	0800	0604	00	01	44	37	e644	6377c0a8	001e0000	0000	0000	c0a800a1	00000000	0000	0000	0000	0000	00	00	00	00	00	00	PROBE
04:32:20395472 	ffffffffffff	4437e6446377	0806	00	01	0800	0604	00	01	44	37	e644	6377c0a8	001e0000	0000	0000	c0a8009c	00000000	0000	0000	0000	0000	00	00	00	00	00	00	PROBE
04:32:20395475 	ffffffffffff	4437e6446377	0806	00	01	0800	0604	00	01	44	37	e644	6377c0a8	001e0000	0000	0000	c0a80094	00000000	0000	0000	0000	0000	00	00	00	00	00	00	PROBE
04:32:20395478 	ffffffffffff	4437e6446377	0806	00	01	0800	0604	00	01	44	37	e644	6377c0a8	001e0000	0000	0000	c0a80095	00000000	0000	0000	0000	0000	00	00	00	00	00	00	PROBE
04:32:20395481 	ffffffffffff	4437e6446377	0806	00	01	0800	0604	00	01	44	37	e644	6377c0a8	001e0000	0000	0000	c0a80098	00000000	0000	0000	0000	0000	00	00	00	00	00	00	PROBE
04:32:20395484 	ffffffffffff	4437e6446377	0806	00	01	0800	0604	00	01	44	37	e644	6377c0a8	001e0000	0000	0000	c0a8009b	00000000	0000	0000	0000	0000	00	00	00	00	00	00	PROBE
04:32:20395487 	ffffffffffff	4437e6446377	0806	00	01	0800	0604	00	01	44	37	e644	6377c0a8	001e0000	0000	0000	c0a8009d	00000000	0000	0000	0000	0000	00	00	00	00	00	00	PROBE
04:32:20395489 	ffffffffffff	4437e6446377	0806	00	01	0800	0604	00	01	44	37	e644	6377c0a8	001e0000	0000	0000	c0a8009f	00000000	0000	0000	0000	0000	00	00	00	00	00	00	PROBE
04:32:20395492 	ffffffffffff	4437e6446377	0806	00	01	0800	0604	00	01	44	37	e644	6377c0a8	001e0000	0000	0000	c0a800a0	00000000	0000	0000	0000	0000	00	00	00	00	00	00	PROBE
04:32:20395495 	ffffffffffff	4437e6446377	0806	00	01	0800	0604	00	01	44	37	e644	6377c0a8	001e0000	0000	0000	c0a80097	00000000	0000	0000	0000	0000	00	00	00	00	00	00	PROBE
04:32:20395498 	ffffffffffff	4437e6446377	0806	00	01	0800	0604	00	01	44	37	e644	6377c0a8	001e0000	0000	0000	c0a800a9	00000000	0000	0000	0000	0000	00	00	00	00	00	00	PROBE
04:32:20395500 	ffffffffffff	4437e6446377	0806	00	01	0800	0604	00	01	44	37	e644	6377c0a8	001e0000	0000	0000	c0a800a4	00000000	0000	0000	0000	0000	00	00	00	00	00	00	PROBE
04:32:20395503 	ffffffffffff	4437e6446377	0806	00	01	0800	0604	00	01	44	37	e644	6377c0a8	001e0000	0000	0000	c0a800a6	00000000	0000	0000	0000	0000	00	00	00	00	00	00	PROBE
04:32:20395506 	ffffffffffff	4437e6446377	0806	00	01	0800	0604	00	01	44	37	e644	6377c0a8	001e0000	0000	0000	c0a800a2	00000000	0000	0000	0000	0000	00	00	00	00	00	00	PROBE
04:32:20395509 	ffffffffffff	4437e6446377	0806	00	01	0800	0604	00	01	44	37	e644	6377c0a8	001e0000	0000	0000	c0a800a3	00000000	0000	0000	0000	0000	00	00	00	00	00	00	PROBE
04:32:20395512 	ffffffffffff	4437e6446377	0806	00	01	0800	0604	00	01	44	37	e644	6377c0a8	001e0000	0000	0000	c0a800a5	00000000	0000	0000	0000	0000	00	00	00	00	00	00	PROBE
04:32:20395548 	ffffffffffff	4437e6446377	0806	00	01	0800	0604	00	01	44	37	e644	6377c0a8	001e0000	0000	0000	c0a800aa	00000000	0000	0000	0000	0000	00	00	00	00	00	00	PROBE
04:32:20395552 	ffffffffffff	4437e6446377	0806	00	01	0800	0604	00	01	44	37	e644	6377c0a8	001e0000	0000	0000	c0a800a8	00000000	0000	0000	0000	0000	00	00	00	00	00	00	PROBE
04:32:20395555 	ffffffffffff	4437e6446377	0806	00	01	0800	0604	00	01	44	37	e644	6377c0a8	001e0000	0000	0000	c0a800a7	00000000	0000	0000	0000	0000	00	00	00	00	00	00	PROBE
04:32:20434837 	ffffffffffff	4437e6440c9e	0800	45	00	004e	31e6	00	00	80	11	864a	c0a8001f	c0a800ff	0089	0089	003a215f	f9270110	0001	0000	0000	0000	20	45	44	45	50	45	4e	46	41	44	42	44	44	44	4a	43	41	43	41	43	41	43	41	43	41	43	41	43	41	43	41	43	41	00	00	20	00	01	NORMAL
04:32:21184870 	ffffffffffff	4437e6440c9e	0800	45	00	004e	31e7	00	00	80	11	8649	c0a8001f	c0a800ff	0089	0089	003a215f	f9270110	0001	0000	0000	0000	20	45	44	45	50	45	4e	46	41	44	42	44	44	44	4a	43	41	43	41	43	41	43	41	43	41	43	41	43	41	43	41	43	41	00	00	20	00	01	NORMAL
04:32:21395346 	ffffffffffff	4437e6446377	0806	00	01	0800	0604	00	01	44	37	e644	6377c0a8	001e0000	0000	0000	c0a80083	00000000	0000	0000	0000	0000	00	00	00	00	00	00	PROBE
04:32:21395365 	ffffffffffff	4437e6446377	0806	00	01	0800	0604	00	01	44	37	e644	6377c0a8	001e0000	0000	0000	c0a80082	00000000	0000	0000	0000	0000	00	00	00	00	00	00	PROBE
04:32:21395368 	ffffffffffff	4437e6446377	0806	00	01	0800	0604	00	01	44	37	e644	6377c0a8	001e0000	0000	0000	c0a80084	00000000	0000	0000	0000	0000	00	00	00	00	00	00	PROBE
04:32:21395371 	ffffffffffff	4437e6446377	0806	00	01	0800	0604	00	01	44	37	e644	6377c0a8	001e0000	0000	0000	c0a80085	00000000	0000	0000	0000	0000	00	00	00	00	00	00	PROBE
04:32:21395374 	ffffffffffff	4437e6446377	0806	00	01	0800	0604	00	01	44	37	e644	6377c0a8	001e0000	0000	0000	c0a80081	00000000	0000	0000	0000	0000	00	00	00	00	00	00	PROBE
04:32:21395377 	ffffffffffff	4437e6446377	0806	00	01	0800	0604	00	01	44	37	e644	6377c0a8	001e0000	0000	0000	c0a8008e	00000000	0000	0000	0000	0000	00	00	00	00	00	00	PROBE
04:32:21395380 	ffffffffffff	4437e6446377	0806	00	01	0800	0604	00	01	44	37	e644	6377c0a8	001e0000	0000	0000	c0a80086	00000000	0000	0000	0000	0000	00	00	00	00	00	00	PROBE
04:32:21395382 	ffffffffffff	4437e6446377	0806	00	01	0800	0604	00	01	44	37	e644	6377c0a8	001e0000	0000	0000	c0a8008b	00000000	0000	0000	0000	0000	00	00	00	00	00	00	PROBE
04:32:21395385 	ffffffffffff	4437e6446377	0806	00	01	0800	0604	00	01	44	37	e644	6377c0a8	001e0000	0000	0000	c0a80090	00000000	0000	0000	0000	0000	00	00	00	00	00	00	PROBE
04:32:21395388 	ffffffffffff	4437e6446377	0806	00	01	0800	0604	00	01	44	37	e644	6377c0a8	001e0000	0000	0000	c0a80091	00000000	0000	0000	0000	0000	00	00	00	00	00	00	PROBE
04:32:21395419 	ffffffffffff	4437e6446377	0806	00	01	0800	0604	00	01	44	37	e644	6377c0a8	001e0000	0000	0000	c0a80088	00000000	0000	0000	0000	0000	00	00	00	00	00	00	PROBE
04:32:21395426 	ffffffffffff	4437e6446377	0806	00	01	0800	0604	00	01	44	37	e644	6377c0a8	001e0000	0000	0000	c0a8008a	00000000	0000	0000	0000	0000	00	00	00	00	00	00	PROBE
04:32:21395429 	ffffffffffff	4437e6446377	0806	00	01	0800	0604	00	01	44	37	e644	6377c0a8	001e0000	0000	0000	c0a8008c	00000000	0000	0000	0000	0000	00	00	00	00	00	00	PROBE
04:32:21395432 	ffffffffffff	4437e6446377	0806	00	01	0800	0604	00	01	44	37	e644	6377c0a8	001e0000	0000	0000	c0a8008d	00000000	0000	0000	0000	0000	00	00	00	00	00	00	PROBE
04:32:21395435 	ffffffffffff	4437e6446377	0806	00	01	0800	0604	00	01	44	37	e644	6377c0a8	001e0000	0000	0000	c0a80092	00000000	0000	0000	0000	0000	00	00	00	00	00	00	PROBE
04:32:21395437 	ffffffffffff	4437e6446377	0806	00	01	0800	0604	00	01	44	37	e644	6377c0a8	001e0000	0000	0000	c0a80089	00000000	0000	0000	0000	0000	00	00	00	00	00	00	PROBE
04:32:21395441 	ffffffffffff	4437e6446377	0806	00	01	0800	0604	00	01	44	37	e644	6377c0a8	001e0000	0000	0000	c0a80087	00000000	0000	0000	0000	0000	00	00	00	00	00	00	PROBE
04:32:21395444 	ffffffffffff	4437e6446377	0806	00	01	0800	0604	00	01	44	37	e644	6377c0a8	001e0000	0000	0000	c0a80096	00000000	0000	0000	0000	0000	00	00	00	00	00	00	PROBE
04:32:21395447 	ffffffffffff	4437e6446377	0806	00	01	0800	0604	00	01	44	37	e644	6377c0a8	001e0000	0000	0000	c0a8008f	00000000	0000	0000	0000	0000	00	00	00	00	00	00	PROBE
04:32:21395449 	ffffffffffff	4437e6446377	0806	00	01	0800	0604	00	01	44	37	e644	6377c0a8	001e0000	0000	0000	c0a8009a	00000000	0000	0000	0000	0000	00	00	00	00	00	00	PROBE
04:32:21395452 	ffffffffffff	4437e6446377	0806	00	01	0800	0604	00	01	44	37	e644	6377c0a8	001e0000	0000	0000	c0a80099	00000000	0000	0000	0000	0000	00	00	00	00	00	00	PROBE
04:32:21395455 	ffffffffffff	4437e6446377	0806	00	01	0800	0604	00	01	44	37	e644	6377c0a8	001e0000	0000	0000	c0a80093	00000000	0000	0000	0000	0000	00	00	00	00	00	00	PROBE
04:32:21395458 	ffffffffffff	4437e6446377	0806	00	01	0800	0604	00	01	44	37	e644	6377c0a8	001e0000	0000	0000	c0a8009e	00000000	0000	0000	0000	0000	00	00	00	00	00	00	PROBE
04:32:21395461 	ffffffffffff	4437e6446377	0806	00	01	0800	0604	00	01	44	37	e644	6377c0a8	001e0000	0000	0000	c0a800a1	00000000	0000	0000	0000	0000	00	00	00	00	00	00	PROBE
04:32:21395464 	ffffffffffff	4437e6446377	0806	00	01	0800	0604	00	01	44	37	e644	6377c0a8	001e0000	0000	0000	c0a8009c	00000000	0000	0000	0000	0000	00	00	00	00	00	00	PROBE
04:32:21395467 	ffffffffffff	4437e6446377	0806	00	01	0800	0604	00	01	44	37	e644	6377c0a8	001e0000	0000	0000	c0a80094	00000000	0000	0000	0000	0000	00	00	00	00	00	00	PROBE
04:32:21395470 	ffffffffffff	4437e6446377	0806	00	01	0800	0604	00	01	44	37	e644	6377c0a8	001e0000	0000	0000	c0a80095	00000000	0000	0000	0000	0000	00	00	00	00	00	00	PROBE
04:32:21395473 	ffffffffffff	4437e6446377	0806	00	01	0800	0604	00	01	44	37	e644	6377c0a8	001e0000	0000	0000	c0a80098	00000000	0000	0000	0000	0000	00	00	00	00	00	00	PROBE
04:32:21395475 	ffffffffffff	4437e6446377	0806	00	01	0800	0604	00	01	44	37	e644	6377c0a8	001e0000	0000	0000	c0a8009b	00000000	0000	0000	0000	0000	00	00	00	00	00	00	PROBE
04:32:21395478 	ffffffffffff	4437e6446377	0806	00	01	0800	0604	00	01	44	37	e644	6377c0a8	001e0000	0000	0000	c0a8009d	00000000	0000	0000	0000	0000	00	00	00	00	00	00	PROBE
04:32:21395481 	ffffffffffff	4437e6446377	0806	00	01	0800	0604	00	01	44	37	e644	6377c0a8	001e0000	0000	0000	c0a8009f	00000000	0000	0000	0000	0000	00	00	00	00	00	00	PROBE
04:32:21395484 	ffffffffffff	4437e6446377	0806	00	01	0800	0604	00	01	44	37	e644	6377c0a8	001e0000	0000	0000	c0a800a0	00000000	0000	0000	0000	0000	00	00	00	00	00	00	PROBE
04:32:21395487 	ffffffffffff	4437e6446377	0806	00	01	0800	0604	00	01	44	37	e644	6377c0a8	001e0000	0000	0000	c0a80097	00000000	0000	0000	0000	0000	00	00	00	00	00	00	PROBE
04:32:21395489 	ffffffffffff	4437e6446377	0806	00	01	0800	0604	00	01	44	37	e644	6377c0a8	001e0000	0000	0000	c0a800a9	00000000	0000	0000	0000	0000	00	00	00	00	00	00	PROBE
04:32:21395493 	ffffffffffff	4437e6446377	0806	00	01	0800	0604	00	01	44	37	e644	6377c0a8	001e0000	0000	0000	c0a800a4	00000000	0000	0000	0000	0000	00	00	00	00	00	00	PROBE
04:32:21395495 	ffffffffffff	4437e6446377	0806	00	01	0800	0604	00	01	44	37	e644	6377c0a8	001e0000	0000	0000	c0a800a6	00000000	0000	0000	0000	0000	00	00	00	00	00	00	PROBE
04:32:21395498 	ffffffffffff	4437e6446377	0806	00	01	0800	0604	00	01	44	37	e644	6377c0a8	001e0000	0000	0000	c0a800a2	00000000	0000	0000	0000	0000	00	00	00	00	00	00	PROBE
04:32:21395540 	ffffffffffff	4437e6446377	0806	00	01	0800	0604	00	01	44	37	e644	6377c0a8	001e0000	0000	0000	c0a800a3	00000000	0000	0000	0000	0000	00	00	00	00	00	00	PROBE
04:32:21395545 	ffffffffffff	4437e6446377	0806	00	01	0800	0604	00	01	44	37	e644	6377c0a8	001e0000	0000	0000	c0a800a5	00000000	0000	0000	0000	0000	00	00	00	00	00	00	PROBE
04:32:21395547 	ffffffffffff	4437e6446377	0806	00	01	0800	0604	00	01	44	37	e644	6377c0a8	001e0000	0000	0000	c0a800aa	00000000	0000	0000	0000	0000	00	00	00	00	00	00	PROBE
04:32:21395550 	ffffffffffff	4437e6446377	0806	00	01	0800	0604	00	01	44	37	e644	6377c0a8	001e0000	0000	0000	c0a800a8	00000000	0000	0000	0000	0000	00	00	00	00	00	00	PROBE
04:32:21395553 	ffffffffffff	4437e6446377	0806	00	01	0800	0604	00	01	44	37	e644	6377c0a8	001e0000	0000	0000	c0a800a7	00000000	0000	0000	0000	0000	00	00	00	00	00	00	PROBE
04:32:21409597 	ffffffffffff	4437e6446377	0806	00	01	0800	0604	00	01	44	37	e644	6377c0a8	001e0000	0000	0000	c0a800ab	00000000	0000	0000	0000	0000	00	00	00	00	00	00	PROBE
04:32:21410567 	ffffffffffff	4437e6446377	0806	00	01	0800	0604	00	01	44	37	e644	6377c0a8	001e0000	0000	0000	c0a800ad	00000000	0000	0000	0000	0000	00	00	00	00	00	00	PROBE
04:32:21412396 	ffffffffffff	4437e6446377	0806	00	01	0800	0604	00	01	44	37	e644	6377c0a8	001e0000	0000	0000	c0a800ac	00000000	0000	0000	0000	0000	00	00	00	00	00	00	PROBE
04:32:21412404 	ffffffffffff	4437e6446377	0806	00	01	0800	0604	00	01	44	37	e644	6377c0a8	001e0000	0000	0000	c0a800ae	00000000	0000	0000	0000	0000	00	00	00	00	00	00	PROBE
04:32:21415025 	ffffffffffff	4437e6446377	0806	00	01	0800	0604	00	01	44	37	e644	6377c0a8	001e0000	0000	0000	c0a800b4	00000000	0000	0000	0000	0000	00	00	00	00	00	00	PROBE
04:32:21415382 	ffffffffffff	4437e6446377	0806	00	01	0800	0604	00	01	44	37	e644	6377c0a8	001e0000	0000	0000	c0a800af	00000000	0000	0000	0000	0000	00	00	00	00	00	00	PROBE
04:32:21415388 	ffffffffffff	4437e6446377	0806	00	01	0800	0604	00	01	44	37	e644	6377c0a8	001e0000	0000	0000	c0a800b0	00000000	0000	0000	0000	0000	00	00	00	00	00	00	PROBE
04:32:21415597 	ffffffffffff	4437e6446377	0806	00	01	0800	0604	00	01	44	37	e644	6377c0a8	001e0000	0000	0000	c0a800b1	00000000	0000	0000	0000	0000	00	00	00	00	00	00	PROBE
04:32:21416016 	ffffffffffff	4437e6446377	0806	00	01	0800	0604	00	01	44	37	e644	6377c0a8	001e0000	0000	0000	c0a800b3	00000000	0000	0000	0000	0000	00	00	00	00	00	00	PROBE
04:32:21416322 	ffffffffffff	4437e6446377	0806	00	01	0800	0604	00	01	44	37	e644	6377c0a8	001e0000	0000	0000	c0a800b2	00000000	0000	0000	0000	0000	00	00	00	00	00	00	PROBE
04:32:21416470 	ffffffffffff	4437e6446377	0806	00	01	0800	0604	00	01	44	37	e644	6377c0a8	001e0000	0000	0000	c0a800b5	00000000	0000	0000	0000	0000	00	00	00	00	00	00	PROBE
04:32:21436696 	ffffffffffff	4437e6446377	0806	00	01	0800	0604	00	01	44	37	e644	6377c0a8	001e0000	0000	0000	c0a800b6	00000000	0000	0000	0000	0000	00	00	00	00	00	00	PROBE
04:32:21436708 	ffffffffffff	4437e6446377	0806	00	01	0800	0604	00	01	44	37	e644	6377c0a8	001e0000	0000	0000	c0a800b7	00000000	0000	0000	0000	0000	00	00	00	00	00	00	PROBE
04:32:21436711 	ffffffffffff	4437e6446377	0806	00	01	0800	0604	00	01	44	37	e644	6377c0a8	001e0000	0000	0000	c0a800b8	00000000	0000	0000	0000	0000	00	00	00	00	00	00	PROBE
04:32:21436714 	ffffffffffff	4437e6446377	0806	00	01	0800	0604	00	01	44	37	e644	6377c0a8	001e0000	0000	0000	c0a800b9	00000000	0000	0000	0000	0000	00	00	00	00	00	00	PROBE
04:32:21437785 	ffffffffffff	4437e6446377	0806	00	01	0800	0604	00	01	44	37	e644	6377c0a8	001e0000	0000	0000	c0a800bb	00000000	0000	0000	0000	0000	00	00	00	00	00	00	PROBE
04:32:21437793 	ffffffffffff	4437e6446377	0806	00	01	0800	0604	00	01	44	37	e644	6377c0a8	001e0000	0000	0000	c0a800ba	00000000	0000	0000	0000	0000	00	00	00	00	00	00	PROBE
04:32:21437796 	ffffffffffff	4437e6446377	0806	00	01	0800	0604	00	01	44	37	e644	6377c0a8	001e0000	0000	0000	c0a800c0	00000000	0000	0000	0000	0000	00	00	00	00	00	00	PROBE
04:32:21437799 	ffffffffffff	4437e6446377	0806	00	01	0800	0604	00	01	44	37	e644	6377c0a8	001e0000	0000	0000	c0a800c6	00000000	0000	0000	0000	0000	00	00	00	00	00	00	PROBE
04:32:21437802 	ffffffffffff	4437e6446377	0806	00	01	0800	0604	00	01	44	37	e644	6377c0a8	001e0000	0000	0000	c0a800c2	00000000	0000	0000	0000	0000	00	00	00	00	00	00	PROBE
04:32:21437933 	ffffffffffff	4437e6446377	0806	00	01	0800	0604	00	01	44	37	e644	6377c0a8	001e0000	0000	0000	c0a800c4	00000000	0000	0000	0000	0000	00	00	00	00	00	00	PROBE
04:32:21437937 	ffffffffffff	4437e6446377	0806	00	01	0800	0604	00	01	44	37	e644	6377c0a8	001e0000	0000	0000	c0a800bd	00000000	0000	0000	0000	0000	00	00	00	00	00	00	PROBE
04:32:21437940 	ffffffffffff	4437e6446377	0806	00	01	0800	0604	00	01	44	37	e644	6377c0a8	001e0000	0000	0000	c0a800bc	00000000	0000	0000	0000	0000	00	00	00	00	00	00	PROBE
04:32:21437943 	ffffffffffff	4437e6446377	0806	00	01	0800	0604	00	01	44	37	e644	6377c0a8	001e0000	0000	0000	c0a800d4	00000000	0000	0000	0000	0000	00	00	00	00	00	00	PROBE
04:32:21437946 	ffffffffffff	4437e6446377	0806	00	01	0800	0604	00	01	44	37	e644	6377c0a8	001e0000	0000	0000	c0a800be	00000000	0000	0000	0000	0000	00	00	00	00	00	00	PROBE
04:32:21437949 	ffffffffffff	4437e6446377	0806	00	01	0800	0604	00	01	44	37	e644	6377c0a8	001e0000	0000	0000	c0a800d2	00000000	0000	0000	0000	0000	00	00	00	00	00	00	PROBE
04:32:21437952 	ffffffffffff	4437e6446377	0806	00	01	0800	0604	00	01	44	37	e644	6377c0a8	001e0000	0000	0000	c0a800d1	00000000	0000	0000	0000	0000	00	00	00	00	00	00	PROBE
04:32:21438104 	ffffffffffff	4437e6446377	0806	00	01	0800	0604	00	01	44	37	e644	6377c0a8	001e0000	0000	0000	c0a800d3	00000000	0000	0000	0000	0000	00	00	00	00	00	00	PROBE
04:32:21438109 	ffffffffffff	4437e6446377	0806	00	01	0800	0604	00	01	44	37	e644	6377c0a8	001e0000	0000	0000	c0a800c5	00000000	0000	0000	0000	0000	00	00	00	00	00	00	PROBE
04:32:21438112 	ffffffffffff	4437e6446377	0806	00	01	0800	0604	00	01	44	37	e644	6377c0a8	001e0000	0000	0000	c0a800c3	00000000	0000	0000	0000	0000	00	00	00	00	00	00	PROBE
04:32:21438240 	ffffffffffff	4437e6446377	0806	00	01	0800	0604	00	01	44	37	e644	6377c0a8	001e0000	0000	0000	c0a800c1	00000000	0000	0000	0000	0000	00	00	00	00	00	00	PROBE
04:32:21438244 	ffffffffffff	4437e6446377	0806	00	01	0800	0604	00	01	44	37	e644	6377c0a8	001e0000	0000	0000	c0a800d0	00000000	0000	0000	0000	0000	00	00	00	00	00	00	PROBE
04:32:21438247 	ffffffffffff	4437e6446377	0806	00	01	0800	0604	00	01	44	37	e644	6377c0a8	001e0000	0000	0000	c0a800c7	00000000	0000	0000	0000	0000	00	00	00	00	00	00	PROBE
04:32:21438385 	ffffffffffff	4437e6446377	0806	00	01	0800	0604	00	01	44	37	e644	6377c0a8	001e0000	0000	0000	c0a800bf	00000000	0000	0000	0000	0000	00	00	00	00	00	00	PROBE
04:32:21438391 	ffffffffffff	4437e6446377	0806	00	01	0800	0604	00	01	44	37	e644	6377c0a8	001e0000	0000	0000	c0a800cd	00000000	0000	0000	0000	0000	00	00	00	00	00	00	PROBE
04:32:21438393 	ffffffffffff	4437e6446377	0806	00	01	0800	0604	00	01	44	37	e644	6377c0a8	001e0000	0000	0000	c0a800cc	00000000	0000	0000	0000	0000	00	00	00	00	00	00	PROBE
04:32:21438521 	ffffffffffff	4437e6446377	0806	00	01	0800	0604	00	01	44	37	e644	6377c0a8	001e0000	0000	0000	c0a800cb	00000000	0000	0000	0000	0000	00	00	00	00	00	00	PROBE
04:32:21438525 	ffffffffffff	4437e6446377	0806	00	01	0800	0604	00	01	44	37	e644	6377c0a8	001e0000	0000	0000	c0a800ca	00000000	0000	0000	0000	0000	00	00	00	00	00	00	PROBE
04:32:21438527 	ffffffffffff	4437e6446377	0806	00	01	0800	0604	00	01	44	37	e644	6377c0a8	001e0000	0000	0000	c0a800c9	00000000	0000	0000	0000	0000	00	00	00	00	00	00	PROBE
04:32:21438530 	ffffffffffff	4437e6446377	0806	00	01	0800	0604	00	01	44	37	e644	6377c0a8	001e0000	0000	0000	c0a800c8	00000000	0000	0000	0000	0000	00	00	00	00	00	00	PROBE
04:32:21438672 	ffffffffffff	4437e6446377	0806	00	01	0800	0604	00	01	44	37	e644	6377c0a8	001e0000	0000	0000	c0a800cf	00000000	0000	0000	0000	0000	00	00	00	00	00	00	PROBE
04:32:21438678 	ffffffffffff	4437e6446377	0806	00	01	0800	0604	00	01	44	37	e644	6377c0a8	001e0000	0000	0000	c0a800ce	00000000	0000	0000	0000	0000	00	00	00	00	00	00	PROBE
04:32:21936557 	333300010003	4437e6440c9e	86dd	60	00	0000	0021	11	01	fe	80	0000	00000000	70c08fce	ea35	8006	ff020000	00000000	0000	0000	0001	0003	c3	cf	14	eb	00	21	20	7a	81	e8	00	00	00	01	00	00	00	00	00	00	07	63	6f	6d	70	31	33	39	00	00	01	00	01	NORMAL
04:32:21936788 	01005e0000fc	4437e6440c9e	0800	45	00	0035	3217	00	00	01	11	e5dd	c0a8001f	e00000fc	f9e4	14eb	0021b0f3	81e80000	0001	0000	0000	0000	07	63	6f	6d	70	31	33	39	00	00	01	00	01	NORMAL
04:32:22035945 	333300010003	4437e6440c9e	86dd	60	00	0000	0021	11	01	fe	80	0000	00000000	70c08fce	ea35	8006	ff020000	00000000	0000	0000	0001	0003	c3	cf	14	eb	00	21	20	7a	81	e8	00	00	00	01	00	00	00	00	00	00	07	63	6f	6d	70	31	33	39	00	00	01	00	01	NORMAL
04:32:22036048 	01005e0000fc	4437e6440c9e	0800	45	00	0035	3218	00	00	01	11	e5dc	c0a8001f	e00000fc	f9e4	14eb	0021b0f3	81e80000	0001	0000	0000	0000	07	63	6f	6d	70	31	33	39	00	00	01	00	01	NORMAL
04:32:22236258 	ffffffffffff	4437e6440c9e	0800	45	00	004e	3219	00	00	80	11	8617	c0a8001f	c0a800ff	0089	0089	003a215e	f9280110	0001	0000	0000	0000	20	45	44	45	50	45	4e	46	41	44	42	44	44	44	4a	43	41	43	41	43	41	43	41	43	41	43	41	43	41	43	41	43	41	00	00	20	00	01	NORMAL
04:32:22395431 	ffffffffffff	4437e6446377	0806	00	01	0800	0604	00	01	44	37	e644	6377c0a8	001e0000	0000	0000	c0a800ab	00000000	0000	0000	0000	0000	00	00	00	00	00	00	PROBE
04:32:22395449 	ffffffffffff	4437e6446377	0806	00	01	0800	0604	00	01	44	37	e644	6377c0a8	001e0000	0000	0000	c0a800ad	00000000	0000	0000	0000	0000	00	00	00	00	00	00	PROBE
04:32:22395453 	ffffffffffff	4437e6446377	0806	00	01	0800	0604	00	01	44	37	e644	6377c0a8	001e0000	0000	0000	c0a800ac	00000000	0000	0000	0000	0000	00	00	00	00	00	00	PROBE
04:32:22395456 	ffffffffffff	4437e6446377	0806	00	01	0800	0604	00	01	44	37	e644	6377c0a8	001e0000	0000	0000	c0a800ae	00000000	0000	0000	0000	0000	00	00	00	00	00	00	PROBE
04:32:22395458 	ffffffffffff	4437e6446377	0806	00	01	0800	0604	00	01	44	37	e644	6377c0a8	001e0000	0000	0000	c0a800b4	00000000	0000	0000	0000	0000	00	00	00	00	00	00	PROBE
04:32:22395462 	ffffffffffff	4437e6446377	0806	00	01	0800	0604	00	01	44	37	e644	6377c0a8	001e0000	0000	0000	c0a800af	00000000	0000	0000	0000	0000	00	00	00	00	00	00	PROBE
04:32:22395465 	ffffffffffff	4437e6446377	0806	00	01	0800	0604	00	01	44	37	e644	6377c0a8	001e0000	0000	0000	c0a800b0	00000000	0000	0000	0000	0000	00	00	00	00	00	00	PROBE
04:32:22395468 	ffffffffffff	4437e6446377	0806	00	01	0800	0604	00	01	44	37	e644	6377c0a8	001e0000	0000	0000	c0a800b1	00000000	0000	0000	0000	0000	00	00	00	00	00	00	PROBE
04:32:22395471 	ffffffffffff	4437e6446377	0806	00	01	0800	0604	00	01	44	37	e644	6377c0a8	001e0000	0000	0000	c0a800b3	00000000	0000	0000	0000	0000	00	00	00	00	00	00	PROBE
04:32:22395473 	ffffffffffff	4437e6446377	0806	00	01	0800	0604	00	01	44	37	e644	6377c0a8	001e0000	0000	0000	c0a800b2	00000000	0000	0000	0000	0000	00	00	00	00	00	00	PROBE
04:32:22395476 	ffffffffffff	4437e6446377	0806	00	01	0800	0604	00	01	44	37	e644	6377c0a8	001e0000	0000	0000	c0a800b5	00000000	0000	0000	0000	0000	00	00	00	00	00	00	PROBE
04:32:22395506 	ffffffffffff	4437e6446377	0806	00	01	0800	0604	00	01	44	37	e644	6377c0a8	001e0000	0000	0000	c0a800b6	00000000	0000	0000	0000	0000	00	00	00	00	00	00	PROBE
04:32:22395512 	ffffffffffff	4437e6446377	0806	00	01	0800	0604	00	01	44	37	e644	6377c0a8	001e0000	0000	0000	c0a800b7	00000000	0000	0000	0000	0000	00	00	00	00	00	00	PROBE
04:32:22395515 	ffffffffffff	4437e6446377	0806	00	01	0800	0604	00	01	44	37	e644	6377c0a8	001e0000	0000	0000	c0a800b8	00000000	0000	0000	0000	0000	00	00	00	00	00	00	PROBE
04:32:22395519 	ffffffffffff	4437e6446377	0806	00	01	0800	0604	00	01	44	37	e644	6377c0a8	001e0000	0000	0000	c0a800b9	00000000	0000	0000	0000	0000	00	00	00	00	00	00	PROBE
04:32:22395521 	ffffffffffff	4437e6446377	0806	00	01	0800	0604	00	01	44	37	e644	6377c0a8	001e0000	0000	0000	c0a800bb	00000000	0000	0000	0000	0000	00	00	00	00	00	00	PROBE
04:32:22395524 	ffffffffffff	4437e6446377	0806	00	01	0800	0604	00	01	44	37	e644	6377c0a8	001e0000	0000	0000	c0a800ba	00000000	0000	0000	0000	0000	00	00	00	00	00	00	PROBE
04:32:22395527 	ffffffffffff	4437e6446377	0806	00	01	0800	0604	00	01	44	37	e644	6377c0a8	001e0000	0000	0000	c0a800c0	00000000	0000	0000	0000	0000	00	00	00	00	00	00	PROBE
04:32:22395530 	ffffffffffff	4437e6446377	0806	00	01	0800	0604	00	01	44	37	e644	6377c0a8	001e0000	0000	0000	c0a800c6	00000000	0000	0000	0000	0000	00	00	00	00	00	00	PROBE
04:32:22395533 	ffffffffffff	4437e6446377	0806	00	01	0800	0604	00	01	44	37	e644	6377c0a8	001e0000	0000	0000	c0a800c2	00000000	0000	0000	0000	0000	00	00	00	00	00	00	PROBE
04:32:22395535 	ffffffffffff	4437e6446377	0806	00	01	0800	0604	00	01	44	37	e644	6377c0a8	001e0000	0000	0000	c0a800c4	00000000	0000	0000	0000	0000	00	00	00	00	00	00	PROBE
04:32:22395538 	ffffffffffff	4437e6446377	0806	00	01	0800	0604	00	01	44	37	e644	6377c0a8	001e0000	0000	0000	c0a800bd	00000000	0000	0000	0000	0000	00	00	00	00	00	00	PROBE
04:32:22395541 	ffffffffffff	4437e6446377	0806	00	01	0800	0604	00	01	44	37	e644	6377c0a8	001e0000	0000	0000	c0a800bc	00000000	0000	0000	0000	0000	00	00	00	00	00	00	PROBE
04:32:22395544 	ffffffffffff	4437e6446377	0806	00	01	0800	0604	00	01	44	37	e644	6377c0a8	001e0000	0000	0000	c0a800d4	00000000	0000	0000	0000	0000	00	00	00	00	00	00	PROBE
04:32:22395547 	ffffffffffff	4437e6446377	0806	00	01	0800	0604	00	01	44	37	e644	6377c0a8	001e0000	0000	0000	c0a800be	00000000	0000	0000	0000	0000	00	00	00	00	00	00	PROBE
04:32:22395550 	ffffffffffff	4437e6446377	0806	00	01	0800	0604	00	01	44	37	e644	6377c0a8	001e0000	0000	0000	c0a800d2	00000000	0000	0000	0000	0000	00	00	00	00	00	00	PROBE
04:32:22395553 	ffffffffffff	4437e6446377	0806	00	01	0800	0604	00	01	44	37	e644	6377c0a8	001e0000	0000	0000	c0a800d1	00000000	0000	0000	0000	0000	00	00	00	00	00	00	PROBE
04:32:22395557 	ffffffffffff	4437e6446377	0806	00	01	0800	0604	00	01	44	37	e644	6377c0a8	001e0000	0000	0000	c0a800d3	00000000	0000	0000	0000	0000	00	00	00	00	00	00	PROBE
04:32:22395559 	ffffffffffff	4437e6446377	0806	00	01	0800	0604	00	01	44	37	e644	6377c0a8	001e0000	0000	0000	c0a800c5	00000000	0000	0000	0000	0000	00	00	00	00	00	00	PROBE
04:32:22395562 	ffffffffffff	4437e6446377	0806	00	01	0800	0604	00	01	44	37	e644	6377c0a8	001e0000	0000	0000	c0a800c3	00000000	0000	0000	0000	0000	00	00	00	00	00	00	PROBE
04:32:22395565 	ffffffffffff	4437e6446377	0806	00	01	0800	0604	00	01	44	37	e644	6377c0a8	001e0000	0000	0000	c0a800c1	00000000	0000	0000	0000	0000	00	00	00	00	00	00	PROBE
04:32:22395568 	ffffffffffff	4437e6446377	0806	00	01	0800	0604	00	01	44	37	e644	6377c0a8	001e0000	0000	0000	c0a800d0	00000000	0000	0000	0000	0000	00	00	00	00	00	00	PROBE
04:32:22395570 	ffffffffffff	4437e6446377	0806	00	01	0800	0604	00	01	44	37	e644	6377c0a8	001e0000	0000	0000	c0a800c7	00000000	0000	0000	0000	0000	00	00	00	00	00	00	PROBE
04:32:22395573 	ffffffffffff	4437e6446377	0806	00	01	0800	0604	00	01	44	37	e644	6377c0a8	001e0000	0000	0000	c0a800bf	00000000	0000	0000	0000	0000	00	00	00	00	00	00	PROBE
04:32:22395576 	ffffffffffff	4437e6446377	0806	00	01	0800	0604	00	01	44	37	e644	6377c0a8	001e0000	0000	0000	c0a800cd	00000000	0000	0000	0000	0000	00	00	00	00	00	00	PROBE
04:32:22395579 	ffffffffffff	4437e6446377	0806	00	01	0800	0604	00	01	44	37	e644	6377c0a8	001e0000	0000	0000	c0a800cc	00000000	0000	0000	0000	0000	00	00	00	00	00	00	PROBE
04:32:22395628 	ffffffffffff	4437e6446377	0806	00	01	0800	0604	00	01	44	37	e644	6377c0a8	001e0000	0000	0000	c0a800cb	00000000	0000	0000	0000	0000	00	00	00	00	00	00	PROBE
04:32:22395634 	ffffffffffff	4437e6446377	0806	00	01	0800	0604	00	01	44	37	e644	6377c0a8	001e0000	0000	0000	c0a800ca	00000000	0000	0000	0000	0000	00	00	00	00	00	00	PROBE
04:32:22395636 	ffffffffffff	4437e6446377	0806	00	01	0800	0604	00	01	44	37	e644	6377c0a8	001e0000	0000	0000	c0a800c9	00000000	0000	0000	0000	0000	00	00	00	00	00	00	PROBE
04:32:22395639 	ffffffffffff	4437e6446377	0806	00	01	0800	0604	00	01	44	37	e644	6377c0a8	001e0000	0000	0000	c0a800c8	00000000	0000	0000	0000	0000	00	00	00	00	00	00	PROBE
04:32:22395642 	ffffffffffff	4437e6446377	0806	00	01	0800	0604	00	01	44	37	e644	6377c0a8	001e0000	0000	0000	c0a800cf	00000000	0000	0000	0000	0000	00	00	00	00	00	00	PROBE
04:32:22395644 	ffffffffffff	4437e6446377	0806	00	01	0800	0604	00	01	44	37	e644	6377c0a8	001e0000	0000	0000	c0a800ce	00000000	0000	0000	0000	0000	00	00	00	00	00	00	PROBE
04:32:22985961 	ffffffffffff	4437e6440c9e	0800	45	00	004e	321a	00	00	80	11	8616	c0a8001f	c0a800ff	0089	0089	003a215e	f9280110	0001	0000	0000	0000	20	45	44	45	50	45	4e	46	41	44	42	44	44	44	4a	43	41	43	41	43	41	43	41	43	41	43	41	43	41	43	41	43	41	00	00	20	00	01	NORMAL
04:32:23395439 	ffffffffffff	4437e6446377	0806	00	01	0800	0604	00	01	44	37	e644	6377c0a8	001e0000	0000	0000	c0a800ab	00000000	0000	0000	0000	0000	00	00	00	00	00	00	PROBE
04:32:23395458 	ffffffffffff	4437e6446377	0806	00	01	0800	0604	00	01	44	37	e644	6377c0a8	001e0000	0000	0000	c0a800ad	00000000	0000	0000	0000	0000	00	00	00	00	00	00	PROBE
04:32:23395461 	ffffffffffff	4437e6446377	0806	00	01	0800	0604	00	01	44	37	e644	6377c0a8	001e0000	0000	0000	c0a800ac	00000000	0000	0000	0000	0000	00	00	00	00	00	00	PROBE
04:32:23395464 	ffffffffffff	4437e6446377	0806	00	01	0800	0604	00	01	44	37	e644	6377c0a8	001e0000	0000	0000	c0a800ae	000