Time	DestHon	SrcHon	Type	Ver-len	DSield	Totlen	Id	Flags	Fragoff	TTL	Protoc	Hdchksm	SrcAdd	DestAdd	SrcPort	DPort	Seq.No	Ack No	HdLen	Flags	WinFrm	Checksm	Extra	1	2	3	4	5	6	7	8	9	10	11	12	13	14	15	16	17	18	19	20
06:45:17978709 	ffffffffffff	4437e6440df3	0806	00	01	0800	0604	00	01	44	37	e644	0df3c0a8	002a0000	0000	0000	c0a80001	00000000	0000	0000	0000	0000	00	00	00	00	00	00	PROBE
06:45:18887104 	ffffffffffff	4437e6440df3	0806	00	01	0800	0604	00	01	44	37	e644	0df3c0a8	002a0000	0000	0000	c0a80001	00000000	0000	0000	0000	0000	00	00	00	00	00	00	PROBE
06:45:19887149 	ffffffffffff	4437e6440df3	0806	00	01	0800	0604	00	01	44	37	e644	0df3c0a8	002a0000	0000	0000	c0a80001	00000000	0000	0000	0000	0000	00	00	00	00	00	00	PROBE
06:45:20906138 	ffffffffffff	4437e6440df3	0806	00	01	0800	0604	00	01	44	37	e644	0df3c0a8	002a0000	0000	0000	c0a80003	00000000	0000	0000	0000	0000	00	00	00	00	00	00	PROBE
06:45:20906140 	ffffffffffff	4437e6440df3	0806	00	01	0800	0604	00	01	44	37	e644	0df3c0a8	002a0000	0000	0000	c0a80001	00000000	0000	0000	0000	0000	00	00	00	00	00	00	PROBE
06:45:20906141 	ffffffffffff	4437e6440df3	0806	00	01	0800	0604	00	01	44	37	e644	0df3c0a8	002a0000	0000	0000	c0a80007	00000000	0000	0000	0000	0000	00	00	00	00	00	00	PROBE
06:45:20906284 	ffffffffffff	4437e6440df3	0806	00	01	0800	0604	00	01	44	37	e644	0df3c0a8	002a0000	0000	0000	c0a8001c	00000000	0000	0000	0000	0000	00	00	00	00	00	00	PROBE
06:45:20906286 	ffffffffffff	4437e6440df3	0806	00	01	0800	0604	00	01	44	37	e644	0df3c0a8	002a0000	0000	0000	c0a8001a	00000000	0000	0000	0000	0000	00	00	00	00	00	00	PROBE
06:45:20906286 	ffffffffffff	4437e6440df3	0806	00	01	0800	0604	00	01	44	37	e644	0df3c0a8	002a0000	0000	0000	c0a80018	00000000	0000	0000	0000	0000	00	00	00	00	00	00	PROBE
06:45:20906287 	ffffffffffff	4437e6440df3	0806	00	01	0800	0604	00	01	44	37	e644	0df3c0a8	002a0000	0000	0000	c0a80016	00000000	0000	0000	0000	0000	00	00	00	00	00	00	PROBE
06:45:20906426 	ffffffffffff	4437e6440df3	0806	00	01	0800	0604	00	01	44	37	e644	0df3c0a8	002a0000	0000	0000	c0a80014	00000000	0000	0000	0000	0000	00	00	00	00	00	00	PROBE
06:45:20906427 	ffffffffffff	4437e6440df3	0806	00	01	0800	0604	00	01	44	37	e644	0df3c0a8	002a0000	0000	0000	c0a80012	00000000	0000	0000	0000	0000	00	00	00	00	00	00	PROBE
06:45:20906428 	ffffffffffff	4437e6440df3	0806	00	01	0800	0604	00	01	44	37	e644	0df3c0a8	002a0000	0000	0000	c0a80010	00000000	0000	0000	0000	0000	00	00	00	00	00	00	PROBE
06:45:20906428 	ffffffffffff	4437e6440df3	0806	00	01	0800	0604	00	01	44	37	e644	0df3c0a8	002a0000	0000	0000	c0a8000e	00000000	0000	0000	0000	0000	00	00	00	00	00	00	PROBE
06:45:20906429 	ffffffffffff	4437e6440df3	0806	00	01	0800	0604	00	01	44	37	e644	0df3c0a8	002a0000	0000	0000	c0a8000c	00000000	0000	0000	0000	0000	00	00	00	00	00	00	PROBE
06:45:20906564 	ffffffffffff	4437e6440df3	0806	00	01	0800	0604	00	01	44	37	e644	0df3c0a8	002a0000	0000	0000	c0a8000a	00000000	0000	0000	0000	0000	00	00	00	00	00	00	PROBE
06:45:20906564 	ffffffffffff	4437e6440df3	0806	00	01	0800	0604	00	01	44	37	e644	0df3c0a8	002a0000	0000	0000	c0a80008	00000000	0000	0000	0000	0000	00	00	00	00	00	00	PROBE
06:45:20906565 	ffffffffffff	4437e6440df3	0806	00	01	0800	0604	00	01	44	37	e644	0df3c0a8	002a0000	0000	0000	c0a80006	00000000	0000	0000	0000	0000	00	00	00	00	00	00	PROBE
06:45:20906565 	ffffffffffff	4437e6440df3	0806	00	01	0800	0604	00	01	44	37	e644	0df3c0a8	002a0000	0000	0000	c0a80004	00000000	0000	0000	0000	0000	00	00	00	00	00	00	PROBE
06:45:20906717 	ffffffffffff	4437e6440df3	0806	00	01	0800	0604	00	01	44	37	e644	0df3c0a8	002a0000	0000	0000	c0a80002	00000000	0000	0000	0000	0000	00	00	00	00	00	00	PROBE
06:45:20906718 	ffffffffffff	4437e6440df3	0806	00	01	0800	0604	00	01	44	37	e644	0df3c0a8	002a0000	0000	0000	c0a80028	00000000	0000	0000	0000	0000	00	00	00	00	00	00	PROBE
06:45:20906718 	ffffffffffff	4437e6440df3	0806	00	01	0800	0604	00	01	44	37	e644	0df3c0a8	002a0000	0000	0000	c0a80026	00000000	0000	0000	0000	0000	00	00	00	00	00	00	PROBE
06:45:20906719 	ffffffffffff	4437e6440df3	0806	00	01	0800	0604	00	01	44	37	e644	0df3c0a8	002a0000	0000	0000	c0a80024	00000000	0000	0000	0000	0000	00	00	00	00	00	00	PROBE
06:45:20906719 	ffffffffffff	4437e6440df3	0806	00	01	0800	0604	00	01	44	37	e644	0df3c0a8	002a0000	0000	0000	c0a80022	00000000	0000	0000	0000	0000	00	00	00	00	00	00	PROBE
06:45:20906720 	ffffffffffff	4437e6440df3	0806	00	01	0800	0604	00	01	44	37	e644	0df3c0a8	002a0000	0000	0000	c0a80020	00000000	0000	0000	0000	0000	00	00	00	00	00	00	PROBE
06:45:20906860 	ffffffffffff	4437e6440df3	0806	00	01	0800	0604	00	01	44	37	e644	0df3c0a8	002a0000	0000	0000	c0a8000b	00000000	0000	0000	0000	0000	00	00	00	00	00	00	PROBE
06:45:20906861 	ffffffffffff	4437e6440df3	0806	00	01	0800	0604	00	01	44	37	e644	0df3c0a8	002a0000	0000	0000	c0a8000d	00000000	0000	0000	0000	0000	00	00	00	00	00	00	PROBE
06:45:20906862 	ffffffffffff	4437e6440df3	0806	00	01	0800	0604	00	01	44	37	e644	0df3c0a8	002a0000	0000	0000	c0a80027	00000000	0000	0000	0000	0000	00	00	00	00	00	00	PROBE
06:45:20906862 	ffffffffffff	4437e6440df3	0806	00	01	0800	0604	00	01	44	37	e644	0df3c0a8	002a0000	0000	0000	c0a80025	00000000	0000	0000	0000	0000	00	00	00	00	00	00	PROBE
06:45:20906863 	ffffffffffff	4437e6440df3	0806	00	01	0800	0604	00	01	44	37	e644	0df3c0a8	002a0000	0000	0000	c0a8001f	00000000	0000	0000	0000	0000	00	00	00	00	00	00	PROBE
06:45:20907057 	ffffffffffff	4437e6440df3	0806	00	01	0800	0604	00	01	44	37	e644	0df3c0a8	002a0000	0000	0000	c0a80023	00000000	0000	0000	0000	0000	00	00	00	00	00	00	PROBE
06:45:20907058 	ffffffffffff	4437e6440df3	0806	00	01	0800	0604	00	01	44	37	e644	0df3c0a8	002a0000	0000	0000	c0a8001d	00000000	0000	0000	0000	0000	00	00	00	00	00	00	PROBE
06:45:20907058 	ffffffffffff	4437e6440df3	0806	00	01	0800	0604	00	01	44	37	e644	0df3c0a8	002a0000	0000	0000	c0a80021	00000000	0000	0000	0000	0000	00	00	00	00	00	00	PROBE
06:45:20907059 	ffffffffffff	4437e6440df3	0806	00	01	0800	0604	00	01	44	37	e644	0df3c0a8	002a0000	0000	0000	c0a8001b	00000000	0000	0000	0000	0000	00	00	00	00	00	00	PROBE
06:45:20907059 	ffffffffffff	4437e6440df3	0806	00	01	0800	0604	00	01	44	37	e644	0df3c0a8	002a0000	0000	0000	c0a80005	00000000	0000	0000	0000	0000	00	00	00	00	00	00	PROBE
06:45:20907060 	ffffffffffff	4437e6440df3	0806	00	01	0800	0604	00	01	44	37	e644	0df3c0a8	002a0000	0000	0000	c0a80019	00000000	0000	0000	0000	0000	00	00	00	00	00	00	PROBE
06:45:20907200 	ffffffffffff	4437e6440df3	0806	00	01	0800	0604	00	01	44	37	e644	0df3c0a8	002a0000	0000	0000	c0a80017	00000000	0000	0000	0000	0000	00	00	00	00	00	00	PROBE
06:45:20907200 	ffffffffffff	4437e6440df3	0806	00	01	0800	0604	00	01	44	37	e644	0df3c0a8	002a0000	0000	0000	c0a8001e	00000000	0000	0000	0000	0000	00	00	00	00	00	00	PROBE
06:45:20907201 	ffffffffffff	4437e6440df3	0806	00	01	0800	0604	00	01	44	37	e644	0df3c0a8	002a0000	0000	0000	c0a80015	00000000	0000	0000	0000	0000	00	00	00	00	00	00	PROBE
06:45:20907201 	ffffffffffff	4437e6440df3	0806	00	01	0800	0604	00	01	44	37	e644	0df3c0a8	002a0000	0000	0000	c0a80013	00000000	0000	0000	0000	0000	00	00	00	00	00	00	PROBE
06:45:20907394 	ffffffffffff	4437e6440df3	0806	00	01	0800	0604	00	01	44	37	e644	0df3c0a8	002a0000	0000	0000	c0a80011	00000000	0000	0000	0000	0000	00	00	00	00	00	00	PROBE
06:45:20907395 	ffffffffffff	4437e6440df3	0806	00	01	0800	0604	00	01	44	37	e644	0df3c0a8	002a0000	0000	0000	c0a8000f	00000000	0000	0000	0000	0000	00	00	00	00	00	00	PROBE
06:45:20907395 	ffffffffffff	4437e6440df3	0806	00	01	0800	0604	00	01	44	37	e644	0df3c0a8	002a0000	0000	0000	c0a80009	00000000	0000	0000	0000	0000	00	00	00	00	00	00	PROBE
06:45:21887186 	ffffffffffff	4437e6440df3	0806	00	01	0800	0604	00	01	44	37	e644	0df3c0a8	002a0000	0000	0000	c0a80003	00000000	0000	0000	0000	0000	00	00	00	00	00	00	PROBE
06:45:21887188 	ffffffffffff	4437e6440df3	0806	00	01	0800	0604	00	01	44	37	e644	0df3c0a8	002a0000	0000	0000	c0a80001	00000000	0000	0000	0000	0000	00	00	00	00	00	00	PROBE
06:45:21887189 	ffffffffffff	4437e6440df3	0806	00	01	0800	0604	00	01	44	37	e644	0df3c0a8	002a0000	0000	0000	c0a80007	00000000	0000	0000	0000	0000	00	00	00	00	00	00	PROBE
06:45:21887190 	ffffffffffff	4437e6440df3	0806	00	01	0800	0604	00	01	44	37	e644	0df3c0a8	002a0000	0000	0000	c0a8001c	00000000	0000	0000	0000	0000	00	00	00	00	00	00	PROBE
06:45:21887190 	ffffffffffff	4437e6440df3	0806	00	01	0800	0604	00	01	44	37	e644	0df3c0a8	002a0000	0000	0000	c0a8001a	00000000	0000	0000	0000	0000	00	00	00	00	00	00	PROBE
06:45:21887191 	ffffffffffff	4437e6440df3	0806	00	01	0800	0604	00	01	44	37	e644	0df3c0a8	002a0000	0000	0000	c0a80018	00000000	0000	0000	0000	0000	00	00	00	00	00	00	PROBE
06:45:21887192 	ffffffffffff	4437e6440df3	0806	00	01	0800	0604	00	01	44	37	e644	0df3c0a8	002a0000	0000	0000	c0a80016	00000000	0000	0000	0000	0000	00	00	00	00	00	00	PROBE
06:45:21887192 	ffffffffffff	4437e6440df3	0806	00	01	0800	0604	00	01	44	37	e644	0df3c0a8	002a0000	0000	0000	c0a80014	00000000	0000	0000	0000	0000	00	00	00	00	00	00	PROBE
06:45:21887193 	ffffffffffff	4437e6440df3	0806	00	01	0800	0604	00	01	44	37	e644	0df3c0a8	002a0000	0000	0000	c0a80012	00000000	0000	0000	0000	0000	00	00	00	00	00	00	PROBE
06:45:21887193 	ffffffffffff	4437e6440df3	0806	00	01	0800	0604	00	01	44	37	e644	0df3c0a8	002a0000	0000	0000	c0a80010	00000000	0000	0000	0000	0000	00	00	00	00	00	00	PROBE
06:45:21887265 	ffffffffffff	4437e6440df3	0806	00	01	0800	0604	00	01	44	37	e644	0df3c0a8	002a0000	0000	0000	c0a8000e	00000000	0000	0000	0000	0000	00	00	00	00	00	00	PROBE
06:45:21887268 	ffffffffffff	4437e6440df3	0806	00	01	0800	0604	00	01	44	37	e644	0df3c0a8	002a0000	0000	0000	c0a8000c	00000000	0000	0000	0000	0000	00	00	00	00	00	00	PROBE
06:45:21887268 	ffffffffffff	4437e6440df3	0806	00	01	0800	0604	00	01	44	37	e644	0df3c0a8	002a0000	0000	0000	c0a8000a	00000000	0000	0000	0000	0000	00	00	00	00	00	00	PROBE
06:45:21887269 	ffffffffffff	4437e6440df3	0806	00	01	0800	0604	00	01	44	37	e644	0df3c0a8	002a0000	0000	0000	c0a80008	00000000	0000	0000	0000	0000	00	00	00	00	00	00	PROBE
06:45:21887269 	ffffffffffff	4437e6440df3	0806	00	01	0800	0604	00	01	44	37	e644	0df3c0a8	002a0000	0000	0000	c0a80006	00000000	0000	0000	0000	0000	00	00	00	00	00	00	PROBE
06:45:21887270 	ffffffffffff	4437e6440df3	0806	00	01	0800	0604	00	01	44	37	e644	0df3c0a8	002a0000	0000	0000	c0a80004	00000000	0000	0000	0000	0000	00	00	00	00	00	00	PROBE
06:45:21887271 	ffffffffffff	4437e6440df3	0806	00	01	0800	0604	00	01	44	37	e644	0df3c0a8	002a0000	0000	0000	c0a80002	00000000	0000	0000	0000	0000	00	00	00	00	00	00	PROBE
06:45:21887271 	ffffffffffff	4437e6440df3	0806	00	01	0800	0604	00	01	44	37	e644	0df3c0a8	002a0000	0000	0000	c0a80028	00000000	0000	0000	0000	0000	00	00	00	00	00	00	PROBE
06:45:21887272 	ffffffffffff	4437e6440df3	0806	00	01	0800	0604	00	01	44	37	e644	0df3c0a8	002a0000	0000	0000	c0a80026	00000000	0000	0000	0000	0000	00	00	00	00	00	00	PROBE
06:45:21887273 	ffffffffffff	4437e6440df3	0806	00	01	0800	0604	00	01	44	37	e644	0df3c0a8	002a0000	0000	0000	c0a80024	00000000	0000	0000	0000	0000	00	00	00	00	00	00	PROBE
06:45:21887273 	ffffffffffff	4437e6440df3	0806	00	01	0800	0604	00	01	44	37	e644	0df3c0a8	002a0000	0000	0000	c0a80022	00000000	0000	0000	0000	0000	00	00	00	00	00	00	PROBE
06:45:21887274 	ffffffffffff	4437e6440df3	0806	00	01	0800	0604	00	01	44	37	e644	0df3c0a8	002a0000	0000	0000	c0a80020	00000000	0000	0000	0000	0000	00	00	00	00	00	00	PROBE
06:45:21887274 	ffffffffffff	4437e6440df3	0806	00	01	0800	0604	00	01	44	37	e644	0df3c0a8	002a0000	0000	0000	c0a8000b	00000000	0000	0000	0000	0000	00	00	00	00	00	00	PROBE
06:45:21887275 	ffffffffffff	4437e6440df3	0806	00	01	0800	0604	00	01	44	37	e644	0df3c0a8	002a0000	0000	0000	c0a8000d	00000000	0000	0000	0000	0000	00	00	00	00	00	00	PROBE
06:45:21887275 	ffffffffffff	4437e6440df3	0806	00	01	0800	0604	00	01	44	37	e644	0df3c0a8	002a0000	0000	0000	c0a80027	00000000	0000	0000	0000	0000	00	00	00	00	00	00	PROBE
06:45:21887276 	ffffffffffff	4437e6440df3	0806	00	01	0800	0604	00	01	44	37	e644	0df3c0a8	002a0000	0000	0000	c0a80025	00000000	0000	0000	0000	0000	00	00	00	00	00	00	PROBE
06:45:21887276 	ffffffffffff	4437e6440df3	0806	00	01	0800	0604	00	01	44	37	e644	0df3c0a8	002a0000	0000	0000	c0a8001f	00000000	0000	0000	0000	0000	00	00	00	00	00	00	PROBE
06:45:21887277 	ffffffffffff	4437e6440df3	0806	00	01	0800	0604	00	01	44	37	e644	0df3c0a8	002a0000	0000	0000	c0a80023	00000000	0000	0000	0000	0000	00	00	00	00	00	00	PROBE
06:45:21887277 	ffffffffffff	4437e6440df3	0806	00	01	0800	0604	00	01	44	37	e644	0df3c0a8	002a0000	0000	0000	c0a8001d	00000000	0000	0000	0000	0000	00	00	00	00	00	00	PROBE
06:45:21887278 	ffffffffffff	4437e6440df3	0806	00	01	0800	0604	00	01	44	37	e644	0df3c0a8	002a0000	0000	0000	c0a80021	00000000	0000	0000	0000	0000	00	00	00	00	00	00	PROBE
06:45:21887278 	ffffffffffff	4437e6440df3	0806	00	01	0800	0604	00	01	44	37	e644	0df3c0a8	002a0000	0000	0000	c0a8001b	00000000	0000	0000	0000	0000	00	00	00	00	00	00	PROBE
06:45:21887333 	ffffffffffff	4437e6440df3	0806	00	01	0800	0604	00	01	44	37	e644	0df3c0a8	002a0000	0000	0000	c0a80005	00000000	0000	0000	0000	0000	00	00	00	00	00	00	PROBE
06:45:21887334 	ffffffffffff	4437e6440df3	0806	00	01	0800	0604	00	01	44	37	e644	0df3c0a8	002a0000	0000	0000	c0a80019	00000000	0000	0000	0000	0000	00	00	00	00	00	00	PROBE
06:45:21887335 	ffffffffffff	4437e6440df3	0806	00	01	0800	0604	00	01	44	37	e644	0df3c0a8	002a0000	0000	0000	c0a80017	00000000	0000	0000	0000	0000	00	00	00	00	00	00	PROBE
06:45:21887335 	ffffffffffff	4437e6440df3	0806	00	01	0800	0604	00	01	44	37	e644	0df3c0a8	002a0000	0000	0000	c0a8001e	00000000	0000	0000	0000	0000	00	00	00	00	00	00	PROBE
06:45:21887336 	ffffffffffff	4437e6440df3	0806	00	01	0800	0604	00	01	44	37	e644	0df3c0a8	002a0000	0000	0000	c0a80015	00000000	0000	0000	0000	0000	00	00	00	00	00	00	PROBE
06:45:21887336 	ffffffffffff	4437e6440df3	0806	00	01	0800	0604	00	01	44	37	e644	0df3c0a8	002a0000	0000	0000	c0a80013	00000000	0000	0000	0000	0000	00	00	00	00	00	00	PROBE
06:45:21887337 	ffffffffffff	4437e6440df3	0806	00	01	0800	0604	00	01	44	37	e644	0df3c0a8	002a0000	0000	0000	c0a80011	00000000	0000	0000	0000	0000	00	00	00	00	00	00	PROBE
06:45:21887337 	ffffffffffff	4437e6440df3	0806	00	01	0800	0604	00	01	44	37	e644	0df3c0a8	002a0000	0000	0000	c0a8000f	00000000	0000	0000	0000	0000	00	00	00	00	00	00	PROBE
06:45:21887338 	ffffffffffff	4437e6440df3	0806	00	01	0800	0604	00	01	44	37	e644	0df3c0a8	002a0000	0000	0000	c0a80009	00000000	0000	0000	0000	0000	00	00	00	00	00	00	PROBE
06:45:22887233 	ffffffffffff	4437e6440df3	0806	00	01	0800	0604	00	01	44	37	e644	0df3c0a8	002a0000	0000	0000	c0a80003	00000000	0000	0000	0000	0000	00	00	00	00	00	00	PROBE
06:45:22887235 	ffffffffffff	4437e6440df3	0806	00	01	0800	0604	00	01	44	37	e644	0df3c0a8	002a0000	0000	0000	c0a80001	00000000	0000	0000	0000	0000	00	00	00	00	00	00	PROBE
06:45:22887236 	ffffffffffff	4437e6440df3	0806	00	01	0800	0604	00	01	44	37	e644	0df3c0a8	002a0000	0000	0000	c0a80007	00000000	0000	0000	0000	0000	00	00	00	00	00	00	PROBE
06:45:22887236 	ffffffffffff	4437e6440df3	0806	00	01	0800	0604	00	01	44	37	e644	0df3c0a8	002a0000	0000	0000	c0a8001c	00000000	0000	0000	0000	0000	00	00	00	00	00	00	PROBE
06:45:22887237 	ffffffffffff	4437e6440df3	0806	00	01	0800	0604	00	01	44	37	e644	0df3c0a8	002a0000	0000	0000	c0a8001a	00000000	0000	0000	0000	0000	00	00	00	00	00	00	PROBE
06:45:22887237 	ffffffffffff	4437e6440df3	0806	00	01	0800	0604	00	01	44	37	e644	0df3c0a8	002a0000	0000	0000	c0a80018	00000000	0000	0000	0000	0000	00	00	00	00	00	00	PROBE
06:45:22887238 	ffffffffffff	4437e6440df3	0806	00	01	0800	0604	00	01	44	37	e644	0df3c0a8	002a0000	0000	0000	c0a80016	00000000	0000	0000	0000	0000	00	00	00	00	00	00	PROBE
06:45:22887238 	ffffffffffff	4437e6440df3	0806	00	01	0800	0604	00	01	44	37	e644	0df3c0a8	002a0000	0000	0000	c0a80014	00000000	0000	0000	0000	0000	00	00	00	00	00	00	PROBE
06:45:22887239 	ffffffffffff	4437e6440df3	0806	00	01	0800	0604	00	01	44	37	e644	0df3c0a8	002a0000	0000	0000	c0a80012	00000000	0000	0000	0000	0000	00	00	00	00	00	00	PROBE
06:45:22887240 	ffffffffffff	4437e6440df3	0806	00	01	0800	0604	00	01	44	37	e644	0df3c0a8	002a0000	0000	0000	c0a80010	00000000	0000	0000	0000	0000	00	00	00	00	00	00	PROBE
06:45:22887312 	ffffffffffff	4437e6440df3	0806	00	01	0800	0604	00	01	44	37	e644	0df3c0a8	002a0000	0000	0000	c0a8000e	00000000	0000	0000	0000	0000	00	00	00	00	00	00	PROBE
06:45:22887313 	ffffffffffff	4437e6440df3	0806	00	01	0800	0604	00	01	44	37	e644	0df3c0a8	002a0000	0000	0000	c0a8000c	00000000	0000	0000	0000	0000	00	00	00	00	00	00	PROBE
06:45:22887314 	ffffffffffff	4437e6440df3	0806	00	01	0800	0604	00	01	44	37	e644	0df3c0a8	002a0000	0000	0000	c0a8000a	00000000	0000	0000	0000	0000	00	00	00	00	00	00	PROBE
06:45:22887314 	ffffffffffff	4437e6440df3	0806	00	01	0800	0604	00	01	44	37	e644	0df3c0a8	002a0000	0000	0000	c0a80008	00000000	0000	0000	0000	0000	00	00	00	00	00	00	PROBE
06:45:22887315 	ffffffffffff	4437e6440df3	0806	00	01	0800	0604	00	01	44	37	e644	0df3c0a8	002a0000	0000	0000	c0a80006	00000000	0000	0000	0000	0000	00	00	00	00	00	00	PROBE
06:45:22887315 	ffffffffffff	4437e6440df3	0806	00	01	0800	0604	00	01	44	37	e644	0df3c0a8	002a0000	0000	0000	c0a80004	00000000	0000	0000	0000	0000	00	00	00	00	00	00	PROBE
06:45:22887316 	ffffffffffff	4437e6440df3	0806	00	01	0800	0604	00	01	44	37	e644	0df3c0a8	002a0000	0000	0000	c0a80002	00000000	0000	0000	0000	0000	00	00	00	00	00	00	PROBE
06:45:22887317 	ffffffffffff	4437e6440df3	0806	00	01	0800	0604	00	01	44	37	e644	0df3c0a8	002a0000	0000	0000	c0a80028	00000000	0000	0000	0000	0000	00	00	00	00	00	00	PROBE
06:45:22887317 	ffffffffffff	4437e6440df3	0806	00	01	0800	0604	00	01	44	37	e644	0df3c0a8	002a0000	0000	0000	c0a80026	00000000	0000	0000	0000	0000	00	00	00	00	00	00	PROBE
06:45:22887318 	ffffffffffff	4437e6440df3	0806	00	01	0800	0604	00	01	44	37	e644	0df3c0a8	002a0000	0000	0000	c0a80024	00000000	0000	0000	0000	0000	00	00	00	00	00	00	PROBE
06:45:22887318 	ffffffffffff	4437e6440df3	0806	00	01	0800	0604	00	01	44	37	e644	0df3c0a8	002a0000	0000	0000	c0a80022	00000000	0000	0000	0000	0000	00	00	00	00	00	00	PROBE
06:45:22887319 	ffffffffffff	4437e6440df3	0806	00	01	0800	0604	00	01	44	37	e644	0df3c0a8	002a0000	0000	0000	c0a80020	00000000	0000	0000	0000	0000	00	00	00	00	00	00	PROBE
06:45:22887319 	ffffffffffff	4437e6440df3	0806	00	01	0800	0604	00	01	44	37	e644	0df3c0a8	002a0000	0000	0000	c0a8000b	00000000	0000	0000	0000	0000	00	00	00	00	00	00	PROBE
06:45:22887320 	ffffffffffff	4437e6440df3	0806	00	01	0800	0604	00	01	44	37	e644	0df3c0a8	002a0000	0000	0000	c0a8000d	00000000	0000	0000	0000	0000	00	00	00	00	00	00	PROBE
06:45:22887320 	ffffffffffff	4437e6440df3	0806	00	01	0800	0604	00	01	44	37	e644	0df3c0a8	002a0000	0000	0000	c0a80027	00000000	0000	0000	0000	0000	00	00	00	00	00	00	PROBE
06:45:22887321 	ffffffffffff	4437e6440df3	0806	00	01	0800	0604	00	01	44	37	e644	0df3c0a8	002a0000	0000	0000	c0a80025	00000000	0000	0000	0000	0000	00	00	00	00	00	00	PROBE
06:45:22887322 	ffffffffffff	4437e6440df3	0806	00	01	0800	0604	00	01	44	37	e644	0df3c0a8	002a0000	0000	0000	c0a8001f	00000000	0000	0000	0000	0000	00	00	00	00	00	00	PROBE
06:45:22887323 	ffffffffffff	4437e6440df3	0806	00	01	0800	0604	00	01	44	37	e644	0df3c0a8	002a0000	0000	0000	c0a80023	00000000	0000	0000	0000	0000	00	00	00	00	00	00	PROBE
06:45:22887323 	ffffffffffff	4437e6440df3	0806	00	01	0800	0604	00	01	44	37	e644	0df3c0a8	002a0000	0000	0000	c0a8001d	00000000	0000	0000	0000	0000	00	00	00	00	00	00	PROBE
06:45:22887324 	ffffffffffff	4437e6440df3	0806	00	01	0800	0604	00	01	44	37	e644	0df3c0a8	002a0000	0000	0000	c0a80021	00000000	0000	0000	0000	0000	00	00	00	00	00	00	PROBE
06:45:22887324 	ffffffffffff	4437e6440df3	0806	00	01	0800	0604	00	01	44	37	e644	0df3c0a8	002a0000	0000	0000	c0a8001b	00000000	0000	0000	0000	0000	00	00	00	00	00	00	PROBE
06:45:22887380 	ffffffffffff	4437e6440df3	0806	00	01	0800	0604	00	01	44	37	e644	0df3c0a8	002a0000	0000	0000	c0a80005	00000000	0000	0000	0000	0000	00	00	00	00	00	00	PROBE
06:45:22887380 	ffffffffffff	4437e6440df3	0806	00	01	0800	0604	00	01	44	37	e644	0df3c0a8	002a0000	0000	0000	c0a80019	00000000	0000	0000	0000	0000	00	00	00	00	00	00	PROBE
06:45:22887381 	ffffffffffff	4437e6440df3	0806	00	01	0800	0604	00	01	44	37	e644	0df3c0a8	002a0000	0000	0000	c0a80017	00000000	0000	0000	0000	0000	00	00	00	00	00	00	PROBE
06:45:22887382 	ffffffffffff	4437e6440df3	0806	00	01	0800	0604	00	01	44	37	e644	0df3c0a8	002a0000	0000	0000	c0a8001e	00000000	0000	0000	0000	0000	00	00	00	00	00	00	PROBE
06:45:22887382 	ffffffffffff	4437e6440df3	0806	00	01	0800	0604	00	01	44	37	e644	0df3c0a8	002a0000	0000	0000	c0a80015	00000000	0000	0000	0000	0000	00	00	00	00	00	00	PROBE
06:45:22887383 	ffffffffffff	4437e6440df3	0806	00	01	0800	0604	00	01	44	37	e644	0df3c0a8	002a0000	0000	0000	c0a80013	00000000	0000	0000	0000	0000	00	00	00	00	00	00	PROBE
06:45:22887383 	ffffffffffff	4437e6440df3	0806	00	01	0800	0604	00	01	44	37	e644	0df3c0a8	002a0000	0000	0000	c0a80011	00000000	0000	0000	0000	0000	00	00	00	00	00	00	PROBE
06:45:22887384 	ffffffffffff	4437e6440df3	0806	00	01	0800	0604	00	01	44	37	e644	0df3c0a8	002a0000	0000	0000	c0a8000f	00000000	0000	0000	0000	0000	00	00	00	00	00	00	PROBE
06:45:22887384 	ffffffffffff	4437e6440df3	0806	00	01	0800	0604	00	01	44	37	e644	0df3c0a8	002a0000	0000	0000	c0a80009	00000000	0000	0000	0000	0000	00	00	00	00	00	00	PROBE
06:45:22898557 	ffffffffffff	4437e6440df3	0806	00	01	0800	0604	00	01	44	37	e644	0df3c0a8	002a0000	0000	0000	c0a8002c	00000000	0000	0000	0000	0000	00	00	00	00	00	00	PROBE
06:45:22898558 	ffffffffffff	4437e6440df3	0806	00	01	0800	0604	00	01	44	37	e644	0df3c0a8	002a0000	0000	0000	c0a8002d	00000000	0000	0000	0000	0000	00	00	00	00	00	00	PROBE
06:45:22900166 	ffffffffffff	4437e6440df3	0806	00	01	0800	0604	00	01	44	37	e644	0df3c0a8	002a0000	0000	0000	c0a8002f	00000000	0000	0000	0000	0000	00	00	00	00	00	00	PROBE
06:45:22900327 	ffffffffffff	4437e6440df3	0806	00	01	0800	0604	00	01	44	37	e644	0df3c0a8	002a0000	0000	0000	c0a80030	00000000	0000	0000	0000	0000	00	00	00	00	00	00	PROBE
06:45:22900560 	ffffffffffff	4437e6440df3	0806	00	01	0800	0604	00	01	44	37	e644	0df3c0a8	002a0000	0000	0000	c0a8002e	00000000	0000	0000	0000	0000	00	00	00	00	00	00	PROBE
06:45:22903081 	ffffffffffff	4437e6440df3	0806	00	01	0800	0604	00	01	44	37	e644	0df3c0a8	002a0000	0000	0000	c0a80029	00000000	0000	0000	0000	0000	00	00	00	00	00	00	PROBE
06:45:22904205 	ffffffffffff	4437e6440df3	0806	00	01	0800	0604	00	01	44	37	e644	0df3c0a8	002a0000	0000	0000	c0a8002b	00000000	0000	0000	0000	0000	00	00	00	00	00	00	PROBE
06:45:22904226 	4437e6440df3	4437e6440dac	0806	00	01	0800	0604	00	02	44	37	e644	0dacc0a8	002b4437	e644	0df3	c0a8002a	PROBE
06:45:22904544 	4437e6440dac	4437e6440df3	0800	45	00	0054	3d65	00	00	40	01	bb9e	c0a8002a	c0a8002b	0800	1884	000102ce	50696e67	696e	6720	6672	6f6d	20	44	65	6c	70	68	69	20	63	6f	64	65	20	77	72	69	74	74	65	6e	20	62	79	20	46	2e	20	50	69	65	74	74	65	20	20	20	20	20	20	20	20	20	20	20	PROBE
06:45:22904547 	ffffffffffff	4437e6440df3	0806	00	01	0800	0604	00	01	44	37	e644	0df3c0a8	002a0000	0000	0000	c0a80031	00000000	0000	0000	0000	0000	00	00	00	00	00	00	PROBE
06:45:22904641 	ffffffffffff	4437e6440dac	0806	00	01	0800	0604	00	01	44	37	e644	0dacc0a8	002b0000	0000	0000	c0a8002a	PROBE
06:45:22904946 	4437e6440dac	4437e6440df3	0806	00	01	0800	0604	00	02	44	37	e644	0df3c0a8	002a4437	e644	0dac	c0a8002b	00000000	0000	0000	0000	0000	00	00	00	00	00	00	PROBE
06:45:22904958 	4437e6440df3	4437e6440dac	0800	45	00	0054	4ccb	00	00	80	01	6c38	c0a8002b	c0a8002a	0000	2084	000102ce	50696e67	696e	6720	6672	6f6d	20	44	65	6c	70	68	69	20	63	6f	64	65	20	77	72	69	74	74	65	6e	20	62	79	20	46	2e	20	50	69	65	74	74	65	20	20	20	20	20	20	20	20	20	20	20	PROBE
06:45:22905794 	ffffffffffff	4437e6440df3	0806	00	01	0800	0604	00	01	44	37	e644	0df3c0a8	002a0000	0000	0000	c0a80032	00000000	0000	0000	0000	0000	00	00	00	00	00	00	PROBE
06:45:22906908 	ffffffffffff	4437e6440df3	0806	00	01	0800	0604	00	01	44	37	e644	0df3c0a8	002a0000	0000	0000	c0a80033	00000000	0000	0000	0000	0000	00	00	00	00	00	00	PROBE
06:45:22908612 	ffffffffffff	4437e6440df3	0806	00	01	0800	0604	00	01	44	37	e644	0df3c0a8	002a0000	0000	0000	c0a80034	00000000	0000	0000	0000	0000	00	00	00	00	00	00	NORMAL
06:45:22912793 	ffffffffffff	4437e6440df3	0806	00	01	0800	0604	00	01	44	37	e644	0df3c0a8	002a0000	0000	0000	c0a80035	00000000	0000	0000	0000	0000	00	00	00	00	00	00	PROBE
06:45:22917172 	ffffffffffff	4437e6440df3	0806	00	01	0800	0604	00	01	44	37	e644	0df3c0a8	002a0000	0000	0000	c0a80036	00000000	0000	0000	0000	0000	00	00	00	00	00	00	NORMAL
06:45:22921397 	ffffffffffff	4437e6440df3	0806	00	01	0800	0604	00	01	44	37	e644	0df3c0a8	002a0000	0000	0000	c0a80037	00000000	0000	0000	0000	0000	00	00	00	00	00	00	NORMAL
06:45:22925674 	ffffffffffff	4437e6440df3	0806	00	01	0800	0604	00	01	44	37	e644	0df3c0a8	002a0000	0000	0000	c0a80038	00000000	0000	0000	0000	0000	00	00	00	00	00	00	NORMAL
06:45:22930250 	ffffffffffff	4437e6440df3	0806	00	01	0800	0604	00	01	44	37	e644	0df3c0a8	002a0000	0000	0000	c0a80039	00000000	0000	0000	0000	0000	00	00	00	00	00	00	PROBE
06:45:22931368 	ffffffffffff	4437e6440df3	0806	00	01	0800	0604	00	01	44	37	e644	0df3c0a8	002a0000	0000	0000	c0a8003a	00000000	0000	0000	0000	0000	00	00	00	00	00	00	PROBE
06:45:22932330 	ffffffffffff	4437e6440df3	0806	00	01	0800	0604	00	01	44	37	e644	0df3c0a8	002a0000	0000	0000	c0a8003b	00000000	0000	0000	0000	0000	00	00	00	00	00	00	PROBE
06:45:22934249 	ffffffffffff	4437e6440df3	0806	00	01	0800	0604	00	01	44	37	e644	0df3c0a8	002a0000	0000	0000	c0a8003c	00000000	0000	0000	0000	0000	00	00	00	00	00	00	PROBE
06:45:22936125 	ffffffffffff	4437e6440df3	0806	00	01	0800	0604	00	01	44	37	e644	0df3c0a8	002a0000	0000	0000	c0a8003d	00000000	0000	0000	0000	0000	00	00	00	00	00	00	PROBE
06:45:22938026 	ffffffffffff	4437e6440df3	0806	00	01	0800	0604	00	01	44	37	e644	0df3c0a8	002a0000	0000	0000	c0a8003e	00000000	0000	0000	0000	0000	00	00	00	00	00	00	PROBE
06:45:22939963 	ffffffffffff	4437e6440df3	0806	00	01	0800	0604	00	01	44	37	e644	0df3c0a8	002a0000	0000	0000	c0a8003f	00000000	0000	0000	0000	0000	00	00	00	00	00	00	PROBE
06:45:22941953 	ffffffffffff	4437e6440df3	0806	00	01	0800	0604	00	01	44	37	e644	0df3c0a8	002a0000	0000	0000	c0a80040	00000000	0000	0000	0000	0000	00	00	00	00	00	00	PROBE
06:45:22943965 	ffffffffffff	4437e6440df3	0806	00	01	0800	0604	00	01	44	37	e644	0df3c0a8	002a0000	0000	0000	c0a80041	00000000	0000	0000	0000	0000	00	00	00	00	00	00	PROBE
06:45:22945950 	ffffffffffff	4437e6440df3	0806	00	01	0800	0604	00	01	44	37	e644	0df3c0a8	002a0000	0000	0000	c0a80042	00000000	0000	0000	0000	0000	00	00	00	00	00	00	PROBE
06:45:22947941 	ffffffffffff	4437e6440df3	0806	00	01	0800	0604	00	01	44	37	e644	0df3c0a8	002a0000	0000	0000	c0a80043	00000000	0000	0000	0000	0000	00	00	00	00	00	00	PROBE
06:45:22949931 	ffffffffffff	4437e6440df3	0806	00	01	0800	0604	00	01	44	37	e644	0df3c0a8	002a0000	0000	0000	c0a80044	00000000	0000	0000	0000	0000	00	00	00	00	00	00	PROBE
06:45:22951904 	ffffffffffff	4437e6440df3	0806	00	01	0800	0604	00	01	44	37	e644	0df3c0a8	002a0000	0000	0000	c0a80045	00000000	0000	0000	0000	0000	00	00	00	00	00	00	PROBE
06:45:22953911 	ffffffffffff	4437e6440df3	0806	00	01	0800	0604	00	01	44	37	e644	0df3c0a8	002a0000	0000	0000	c0a80046	00000000	0000	0000	0000	0000	00	00	00	00	00	00	PROBE
06:45:22955892 	ffffffffffff	4437e6440df3	0806	00	01	0800	0604	00	01	44	37	e644	0df3c0a8	002a0000	0000	0000	c0a80047	00000000	0000	0000	0000	0000	00	00	00	00	00	00	PROBE
06:45:22957890 	ffffffffffff	4437e6440df3	0806	00	01	0800	0604	00	01	44	37	e644	0df3c0a8	002a0000	0000	0000	c0a80048	00000000	0000	0000	0000	0000	00	00	00	00	00	00	PROBE
06:45:22959942 	ffffffffffff	4437e6440df3	0806	00	01	0800	0604	00	01	44	37	e644	0df3c0a8	002a0000	0000	0000	c0a80049	00000000	0000	0000	0000	0000	00	00	00	00	00	00	PROBE
06:45:22961985 	ffffffffffff	4437e6440df3	0806	00	01	0800	0604	00	01	44	37	e644	0df3c0a8	002a0000	0000	0000	c0a8004a	00000000	0000	0000	0000	0000	00	00	00	00	00	00	PROBE
06:45:22963969 	ffffffffffff	4437e6440df3	0806	00	01	0800	0604	00	01	44	37	e644	0df3c0a8	002a0000	0000	0000	c0a8004b	00000000	0000	0000	0000	0000	00	00	00	00	00	00	PROBE
06:45:22965961 	ffffffffffff	4437e6440df3	0806	00	01	0800	0604	00	01	44	37	e644	0df3c0a8	002a0000	0000	0000	c0a8004c	00000000	0000	0000	0000	0000	00	00	00	00	00	00	PROBE
06:45:22968240 	ffffffffffff	4437e6440df3	0806	00	01	0800	0604	00	01	44	37	e644	0df3c0a8	002a0000	0000	0000	c0a8004d	00000000	0000	0000	0000	0000	00	00	00	00	00	00	PROBE
06:45:22970275 	ffffffffffff	4437e6440df3	0806	00	01	0800	0604	00	01	44	37	e644	0df3c0a8	002a0000	0000	0000	c0a8004e	00000000	0000	0000	0000	0000	00	00	00	00	00	00	PROBE
06:45:22972271 	ffffffffffff	4437e6440df3	0806	00	01	0800	0604	00	01	44	37	e644	0df3c0a8	002a0000	0000	0000	c0a8004f	00000000	0000	0000	0000	0000	00	00	00	00	00	00	PROBE
06:45:22974498 	ffffffffffff	4437e6440df3	0806	00	01	0800	0604	00	01	44	37	e644	0df3c0a8	002a0000	0000	0000	c0a80050	00000000	0000	0000	0000	0000	00	00	00	00	00	00	PROBE
06:45:22977798 	ffffffffffff	4437e6440df3	0806	00	01	0800	0604	00	01	44	37	e644	0df3c0a8	002a0000	0000	0000	c0a80052	00000000	0000	0000	0000	0000	00	00	00	00	00	00	PROBE
06:45:22979663 	ffffffffffff	4437e6440df3	0806	00	01	0800	0604	00	01	44	37	e644	0df3c0a8	002a0000	0000	0000	c0a80051	00000000	0000	0000	0000	0000	00	00	00	00	00	00	PROBE
06:45:23887317 	ffffffffffff	4437e6440df3	0806	00	01	0800	0604	00	01	44	37	e644	0df3c0a8	002a0000	0000	0000	c0a8002c	00000000	0000	0000	0000	0000	00	00	00	00	00	00	PROBE
06:45:23887318 	ffffffffffff	4437e6440df3	0806	00	01	0800	0604	00	01	44	37	e644	0df3c0a8	002a0000	0000	0000	c0a8002d	00000000	0000	0000	0000	0000	00	00	00	00	00	00	PROBE
06:45:23887319 	ffffffffffff	4437e6440df3	0806	00	01	0800	0604	00	01	44	37	e644	0df3c0a8	002a0000	0000	0000	c0a8002f	00000000	0000	0000	0000	0000	00	00	00	00	00	00	PROBE
06:45:23887319 	ffffffffffff	4437e6440df3	0806	00	01	0800	0604	00	01	44	37	e644	0df3c0a8	002a0000	0000	0000	c0a80030	00000000	0000	0000	0000	0000	00	00	00	00	00	00	PROBE
06:45:23887320 	ffffffffffff	4437e6440df3	0806	00	01	0800	0604	00	01	44	37	e644	0df3c0a8	002a0000	0000	0000	c0a8002e	00000000	0000	0000	0000	0000	00	00	00	00	00	00	PROBE
06:45:23887321 	ffffffffffff	4437e6440df3	0806	00	01	0800	0604	00	01	44	37	e644	0df3c0a8	002a0000	0000	0000	c0a80029	00000000	0000	0000	0000	0000	00	00	00	00	00	00	PROBE
06:45:23887322 	ffffffffffff	4437e6440df3	0806	00	01	0800	0604	00	01	44	37	e644	0df3c0a8	002a0000	0000	0000	c0a80031	00000000	0000	0000	0000	0000	00	00	00	00	00	00	PROBE
06:45:23887322 	ffffffffffff	4437e6440df3	0806	00	01	0800	0604	00	01	44	37	e644	0df3c0a8	002a0000	0000	0000	c0a80032	00000000	0000	0000	0000	0000	00	00	00	00	00	00	PROBE
06:45:23887323 	ffffffffffff	4437e6440df3	0806	00	01	0800	0604	00	01	44	37	e644	0df3c0a8	002a0000	0000	0000	c0a80033	00000000	0000	0000	0000	0000	00	00	00	00	00	00	PROBE
06:45:23887323 	ffffffffffff	4437e6440df3	0806	00	01	0800	0604	00	01	44	37	e644	0df3c0a8	002a0000	0000	0000	c0a80034	00000000	0000	0000	0000	0000	00	00	00	00	00	00	PROBE
06:45:23887324 	ffffffffffff	4437e6440df3	0806	00	01	0800	0604	00	01	44	37	e644	0df3c0a8	002a0000	0000	0000	c0a80035	00000000	0000	0000	0000	0000	00	00	00	00	00	00	PROBE
06:45:23887403 	ffffffffffff	4437e6440df3	0806	00	01	0800	0604	00	01	44	37	e644	0df3c0a8	002a0000	0000	0000	c0a80036	00000000	0000	0000	0000	0000	00	00	00	00	00	00	PROBE
06:45:23887405 	ffffffffffff	4437e6440df3	0806	00	01	0800	0604	00	01	44	37	e644	0df3c0a8	002a0000	0000	0000	c0a80037	00000000	0000	0000	0000	0000	00	00	00	00	00	00	PROBE
06:45:23887405 	ffffffffffff	4437e6440df3	0806	00	01	0800	0604	00	01	44	37	e644	0df3c0a8	002a0000	0000	0000	c0a80038	00000000	0000	0000	0000	0000	00	00	00	00	00	00	PROBE
06:45:23887406 	ffffffffffff	4437e6440df3	0806	00	01	0800	0604	00	01	44	37	e644	0df3c0a8	002a0000	0000	0000	c0a80039	00000000	0000	0000	0000	0000	00	00	00	00	00	00	PROBE
06:45:23887406 	ffffffffffff	4437e6440df3	0806	00	01	0800	0604	00	01	44	37	e644	0df3c0a8	002a0000	0000	0000	c0a8003a	00000000	0000	0000	0000	0000	00	00	00	00	00	00	PROBE
06:45:23887407 	ffffffffffff	4437e6440df3	0806	00	01	0800	0604	00	01	44	37	e644	0df3c0a8	002a0000	0000	0000	c0a8003b	00000000	0000	0000	0000	0000	00	00	00	00	00	00	PROBE
06:45:23887408 	ffffffffffff	4437e6440df3	0806	00	01	0800	0604	00	01	44	37	e644	0df3c0a8	002a0000	0000	0000	c0a8003c	00000000	0000	0000	0000	0000	00	00	00	00	00	00	PROBE
06:45:23887408 	ffffffffffff	4437e6440df3	0806	00	01	0800	0604	00	01	44	37	e644	0df3c0a8	002a0000	0000	0000	c0a8003d	00000000	0000	0000	0000	0000	00	00	00	00	00	00	PROBE
06:45:23887409 	ffffffffffff	4437e6440df3	0806	00	01	0800	0604	00	01	44	37	e644	0df3c0a8	002a0000	0000	0000	c0a8003e	00000000	0000	0000	0000	0000	00	00	00	00	00	00	PROBE
06:45:23887409 	ffffffffffff	4437e6440df3	0806	00	01	0800	0604	00	01	44	37	e644	0df3c0a8	002a0000	0000	0000	c0a8003f	00000000	0000	0000	0000	0000	00	00	00	00	00	00	PROBE
06:45:23887410 	ffffffffffff	4437e6440df3	0806	00	01	0800	0604	00	01	44	37	e644	0df3c0a8	002a0000	0000	0000	c0a80040	00000000	0000	0000	0000	0000	00	00	00	00	00	00	PROBE
06:45:23887410 	ffffffffffff	4437e6440df3	0806	00	01	0800	0604	00	01	44	37	e644	0df3c0a8	002a0000	0000	0000	c0a80041	00000000	0000	0000	0000	0000	00	00	00	00	00	00	PROBE
06:45:23887411 	ffffffffffff	4437e6440df3	0806	00	01	0800	0604	00	01	44	37	e644	0df3c0a8	002a0000	0000	0000	c0a80042	00000000	0000	0000	0000	0000	00	00	00	00	00	00	PROBE
06:45:23887412 	ffffffffffff	4437e6440df3	0806	00	01	0800	0604	00	01	44	37	e644	0df3c0a8	002a0000	0000	0000	c0a80043	00000000	0000	0000	0000	0000	00	00	00	00	00	00	PROBE
06:45:23887412 	ffffffffffff	4437e6440df3	0806	00	01	0800	0604	00	01	44	37	e644	0df3c0a8	002a0000	0000	0000	c0a80044	00000000	0000	0000	0000	0000	00	00	00	00	00	00	PROBE
06:45:23887413 	ffffffffffff	4437e6440df3	0806	00	01	0800	0604	00	01	44	37	e644	0df3c0a8	002a0000	0000	0000	c0a80045	00000000	0000	0000	0000	0000	00	00	00	00	00	00	PROBE
06:45:23887413 	ffffffffffff	4437e6440df3	0806	00	01	0800	0604	00	01	44	37	e644	0df3c0a8	002a0000	0000	0000	c0a80046	00000000	0000	0000	0000	0000	00	00	00	00	00	00	PROBE
06:45:23887414 	ffffffffffff	4437e6440df3	0806	00	01	0800	0604	00	01	44	37	e644	0df3c0a8	002a0000	0000	0000	c0a80047	00000000	0000	0000	0000	0000	00	00	00	00	00	00	PROBE
06:45:23887415 	ffffffffffff	4437e6440df3	0806	00	01	0800	0604	00	01	44	37	e644	0df3c0a8	002a0000	0000	0000	c0a80048	00000000	0000	0000	0000	0000	00	00	00	00	00	00	PROBE
06:45:23887415 	ffffffffffff	4437e6440df3	0806	00	01	0800	0604	00	01	44	37	e644	0df3c0a8	002a0000	0000	0000	c0a80049	00000000	0000	0000	0000	0000	00	00	00	00	00	00	PROBE
06:45:23887416 	ffffffffffff	4437e6440df3	0806	00	01	0800	0604	00	01	44	37	e644	0df3c0a8	002a0000	0000	0000	c0a8004a	00000000	0000	0000	0000	0000	00	00	00	00	00	00	PROBE
06:45:23887416 	ffffffffffff	4437e6440df3	0806	00	01	0800	0604	00	01	44	37	e644	0df3c0a8	002a0000	0000	0000	c0a8004b	00000000	0000	0000	0000	0000	00	00	00	00	00	00	PROBE
06:45:23887417 	ffffffffffff	4437e6440df3	0806	00	01	0800	0604	00	01	44	37	e644	0df3c0a8	002a0000	0000	0000	c0a8004c	00000000	0000	0000	0000	0000	00	00	00	00	00	00	PROBE
06:45:23887417 	ffffffffffff	4437e6440df3	0806	00	01	0800	0604	00	01	44	37	e644	0df3c0a8	002a0000	0000	0000	c0a8004d	00000000	0000	0000	0000	0000	00	00	00	00	00	00	PROBE
06:45:23887418 	ffffffffffff	4437e6440df3	0806	00	01	0800	0604	00	01	44	37	e644	0df3c0a8	002a0000	0000	0000	c0a8004e	00000000	0000	0000	0000	0000	00	00	00	00	00	00	PROBE
06:45:23887418 	ffffffffffff	4437e6440df3	0806	00	01	0800	0604	00	01	44	37	e644	0df3c0a8	002a0000	0000	0000	c0a8004f	00000000	0000	0000	0000	0000	00	00	00	00	00	00	PROBE
06:45:23887504 	ffffffffffff	4437e6440df3	0806	00	01	0800	0604	00	01	44	37	e644	0df3c0a8	002a0000	0000	0000	c0a80050	00000000	0000	0000	0000	0000	00	00	00	00	00	00	PROBE
06:45:23887505 	ffffffffffff	4437e6440df3	0806	00	01	0800	0604	00	01	44	37	e644	0df3c0a8	002a0000	0000	0000	c0a80052	00000000	0000	0000	0000	0000	00	00	00	00	00	00	PROBE
06:45:23887505 	ffffffffffff	4437e6440df3	0806	00	01	0800	0604	00	01	44	37	e644	0df3c0a8	002a0000	0000	0000	c0a80051	00000000	0000	0000	0000	0000	00	00	00	00	00	00	PROBE
06:45:24887326 	ffffffffffff	4437e6440df3	0806	00	01	0800	0604	00	01	44	37	e644	0df3c0a8	002a0000	0000	0000	c0a8002c	00000000	0000	0000	0000	0000	00	00	00	00	00	00	PROBE
06:45:24887328 	ffffffffffff	4437e6440df3	0806	00	01	0800	0604	00	01	44	37	e644	0df3c0a8	002a0000	0000	0000	c0a8002d	00000000	0000	0000	0000	0000	00	00	00	00	00	00	PROBE
06:45:24887328 	ffffffffffff	4437e6440df3	0806	00	01	0800	0604	00	01	44	37	e644	0df3c0a8	002a0000	0000	0000	c0a8002f	00000000	0000	0000	0000	0000	00	00	00	00	00	00	PROBE
06:45:24887329 	ffffffffffff	4437e6440df3	0806	00	01	0800	0604	00	01	44	37	e644	0df3c0a8	002a0000	0000	0000	c0a80030	00000000	0000	0000	0000	0000	00	00	00	00	00	00	PROBE
06:45:24887329 	ffffffffffff	4437e6440df3	0806	00	01	0800	0604	00	01	44	37	e644	0df3c0a8	002a0000	0000	0000	c0a8002e	00000000	0000	0000	0000	0000	00	00	00	00	00	00	PROBE
06:45:24887330 	ffffffffffff	4437e6440df3	0806	00	01	0800	0604	00	01	44	37	e644	0df3c0a8	002a0000	0000	0000	c0a80029	00000000	0000	0000	0000	0000	00	00	00	00	00	00	PROBE
06:45:24887331 	ffffffffffff	4437e6440df3	0806	00	01	0800	0604	00	01	44	37	e644	0df3c0a8	002a0000	0000	0000	c0a80031	00000000	0000	0000	0000	0000	00	00	00	00	00	00	PROBE
06:45:24887331 	ffffffffffff	4437e6440df3	0806	00	01	0800	0604	00	01	44	37	e644	0df3c0a8	002a0000	0000	0000	c0a80032	00000000	0000	0000	0000	0000	00	00	00	00	00	00	PROBE
06:45:24887332 	ffffffffffff	4437e6440df3	0806	00	01	0800	0604	00	01	44	37	e644	0df3c0a8	002a0000	0000	0000	c0a80033	00000000	0000	0000	0000	0000	00	00	00	00	00	00	PROBE
06:45:24887332 	ffffffffffff	4437e6440df3	0806	00	01	0800	0604	00	01	44	37	e644	0df3c0a8	002a0000	0000	0000	c0a80034	00000000	0000	0000	0000	0000	00	00	00	00	00	00	PROBE
06:45:24887333 	ffffffffffff	4437e6440df3	0806	00	01	0800	0604	00	01	44	37	e644	0df3c0a8	002a0000	0000	0000	c0a80035	00000000	0000	0000	0000	0000	00	00	00	00	00	00	PROBE
06:45:24887416 	ffffffffffff	4437e6440df3	0806	00	01	0800	0604	00	01	44	37	e644	0df3c0a8	002a0000	0000	0000	c0a80036	00000000	0000	0000	0000	0000	00	00	00	00	00	00	PROBE
06:45:24887418 	ffffffffffff	4437e6440df3	0806	00	01	0800	0604	00	01	44	37	e644	0df3c0a8	002a0000	0000	0000	c0a80037	00000000	0000	0000	0000	0000	00	00	00	00	00	00	PROBE
06:45:24887418 	ffffffffffff	4437e6440df3	0806	00	01	0800	0604	00	01	44	37	e644	0df3c0a8	002a0000	0000	0000	c0a80038	00000000	0000	0000	0000	0000	00	00	00	00	00	00	PROBE
06:45:24887419 	ffffffffffff	4437e6440df3	0806	00	01	0800	0604	00	01	44	37	e644	0df3c0a8	002a0000	0000	0000	c0a80039	00000000	0000	0000	0000	0000	00	00	00	00	00	00	PROBE
06:45:24887420 	ffffffffffff	4437e6440df3	0806	00	01	0800	0604	00	01	44	37	e644	0df3c0a8	002a0000	0000	0000	c0a8003a	00000000	0000	0000	0000	0000	00	00	00	00	00	00	PROBE
06:45:24887420 	ffffffffffff	4437e6440df3	0806	00	01	0800	0604	00	01	44	37	e644	0df3c0a8	002a0000	0000	0000	c0a8003b	00000000	0000	0000	0000	0000	00	00	00	00	00	00	PROBE
06:45:24887421 	ffffffffffff	4437e6440df3	0806	00	01	0800	0604	00	01	44	37	e644	0df3c0a8	002a0000	0000	0000	c0a8003c	00000000	0000	0000	0000	0000	00	00	00	00	00	00	PROBE
06:45:24887421 	ffffffffffff	4437e6440df3	0806	00	01	0800	0604	00	01	44	37	e644	0df3c0a8	002a0000	0000	0000	c0a8003d	00000000	0000	0000	0000	0000	00	00	00	00	00	00	PROBE
06:45:24887422 	ffffffffffff	4437e6440df3	0806	00	01	0800	0604	00	01	44	37	e644	0df3c0a8	002a0000	0000	0000	c0a8003e	00000000	0000	0000	0000	0000	00	00	00	00	00	00	PROBE
06:45:24887422 	ffffffffffff	4437e6440df3	0806	00	01	0800	0604	00	01	44	37	e644	0df3c0a8	002a0000	0000	0000	c0a8003f	00000000	0000	0000	0000	0000	00	00	00	00	00	00	PROBE
06:45:24887423 	ffffffffffff	4437e6440df3	0806	00	01	0800	0604	00	01	44	37	e644	0df3c0a8	002a0000	0000	0000	c0a80040	00000000	0000	0000	0000	0000	00	00	00	00	00	00	PROBE
06:45:24887423 	ffffffffffff	4437e6440df3	0806	00	01	0800	0604	00	01	44	37	e644	0df3c0a8	002a0000	0000	0000	c0a80041	00000000	0000	0000	0000	0000	00	00	00	00	00	00	PROBE
06:45:24887424 	ffffffffffff	4437e6440df3	0806	00	01	0800	0604	00	01	44	37	e644	0df3c0a8	002a0000	0000	0000	c0a80042	00000000	0000	0000	0000	0000	00	00	00	00	00	00	PROBE
06:45:24887425 	ffffffffffff	4437e6440df3	0806	00	01	0800	0604	00	01	44	37	e644	0df3c0a8	002a0000	0000	0000	c0a80043	00000000	0000	0000	0000	0000	00	00	00	00	00	00	PROBE
06:45:24887425 	ffffffffffff	4437e6440df3	0806	00	01	0800	0604	00	01	44	37	e644	0df3c0a8	002a0000	0000	0000	c0a80044	00000000	0000	0000	0000	0000	00	00	00	00	00	00	PROBE
06:45:24887426 	ffffffffffff	4437e6440df3	0806	00	01	0800	0604	00	01	44	37	e644	0df3c0a8	002a0000	0000	0000	c0a80045	00000000	0000	0000	0000	0000	00	00	00	00	00	00	PROBE
06:45:24887426 	ffffffffffff	4437e6440df3	0806	00	01	0800	0604	00	01	44	37	e644	0df3c0a8	002a0000	0000	0000	c0a80046	00000000	0000	0000	0000	0000	00	00	00	00	00	00	PROBE
06:45:24887427 	ffffffffffff	4437e6440df3	0806	00	01	0800	0604	00	01	44	37	e644	0df3c0a8	002a0000	0000	0000	c0a80047	00000000	0000	0000	0000	0000	00	00	00	00	00	00	PROBE
06:45:24887428 	ffffffffffff	4437e6440df3	0806	00	01	0800	0604	00	01	44	37	e644	0df3c0a8	002a0000	0000	0000	c0a80048	00000000	0000	0000	0000	0000	00	00	00	00	00	00	PROBE
06:45:24887428 	ffffffffffff	4437e6440df3	0806	00	01	0800	0604	00	01	44	37	e644	0df3c0a8	002a0000	0000	0000	c0a80049	00000000	0000	0000	0000	0000	00	00	00	00	00	00	PROBE
06:45:24887429 	ffffffffffff	4437e6440df3	0806	00	01	0800	0604	00	01	44	37	e644	0df3c0a8	002a0000	0000	0000	c0a8004a	00000000	0000	0000	0000	0000	00	00	00	00	00	00	PROBE
06:45:24887429 	ffffffffffff	4437e6440df3	0806	00	01	0800	0604	00	01	44	37	e644	0df3c0a8	002a0000	0000	0000	c0a8004b	00000000	0000	0000	0000	0000	00	00	00	00	00	00	PROBE
06:45:24887430 	ffffffffffff	4437e6440df3	0806	00	01	0800	0604	00	01	44	37	e644	0df3c0a8	002a0000	0000	0000	c0a8004c	00000000	0000	0000	0000	0000	00	00	00	00	00	00	PROBE
06:45:24887430 	ffffffffffff	4437e6440df3	0806	00	01	0800	0604	00	01	44	37	e644	0df3c0a8	002a0000	0000	0000	c0a8004d	00000000	0000	0000	0000	0000	00	00	00	00	00	00	PROBE
06:45:24887431 	ffffffffffff	4437e6440df3	0806	00	01	0800	0604	00	01	44	37	e644	0df3c0a8	002a0000	0000	0000	c0a8004e	00000000	0000	0000	0000	0000	00	00	00	00	00	00	NORMAL
06:45:24887431 	ffffffffffff	4437e6440df3	0806	00	01	0800	0604	00	01	44	37	e644	0df3c0a8	002a0000	0000	0000	c0a8004f	00000000	0000	0000	0000	0000	00	00	00	00	00	00	PROBE
06:45:24887432 	ffffffffffff	4437e6440df3	0806	00	01	0800	0604	00	01	44	37	e644	0df3c0a8	002a0000	0000	0000	c0a80050	00000000	0000	0000	0000	0000	00	00	00	00	00	00	PROBE
06:45:24887433 	ffffffffffff	4437e6440df3	0806	00	01	0800	0604	00	01	44	37	e644	0df3c0a8	002a0000	0000	0000	c0a80052	00000000	0000	0000	0000	0000	00	00	00	00	00	00	PROBE
06:45:24887433 	ffffffffffff	4437e6440df3	0806	00	01	0800	0604	00	01	44	37	e644	0df3c0a8	002a0000	0000	0000	c0a80051	00000000	0000	0000	0000	0000	00	00	00	00	00	00	PROBE
06:45:24889694 	ffffffffffff	4437e6440df3	0806	00	01	0800	0604	00	01	44	37	e644	0df3c0a8	002a0000	0000	0000	c0a80053	00000000	0000	0000	0000	0000	00	00	00	00	00	00	PROBE
06:45:24891656 	ffffffffffff	4437e6440df3	0806	00	01	0800	0604	00	01	44	37	e644	0df3c0a8	002a0000	0000	0000	c0a80054	00000000	0000	0000	0000	0000	00	00	00	00	00	00	PROBE
06:45:24893638 	ffffffffffff	4437e6440df3	0806	00	01	0800	0604	00	01	44	37	e644	0df3c0a8	002a0000	0000	0000	c0a80055	00000000	0000	0000	0000	0000	00	00	00	00	00	00	PROBE
06:45:24895572 	ffffffffffff	4437e6440df3	0806	00	01	0800	0604	00	01	44	37	e644	0df3c0a8	002a0000	0000	0000	c0a80056	00000000	0000	0000	0000	0000	00	00	00	00	00	00	PROBE
06:45:24897508 	ffffffffffff	4437e6440df3	0806	00	01	0800	0604	00	01	44	37	e644	0df3c0a8	002a0000	0000	0000	c0a80057	00000000	0000	0000	0000	0000	00	00	00	00	00	00	PROBE
06:45:24899763 	ffffffffffff	4437e6440df3	0806	00	01	0800	0604	00	01	44	37	e644	0df3c0a8	002a0000	0000	0000	c0a80058	00000000	0000	0000	0000	0000	00	00	00	00	00	00	PROBE
06:45:24901892 	ffffffffffff	4437e6440df3	0806	00	01	0800	0604	00	01	44	37	e644	0df3c0a8	002a0000	0000	0000	c0a80059	00000000	0000	0000	0000	0000	00	00	00	00	00	00	PROBE
06:45:24903842 	ffffffffffff	4437e6440df3	0806	00	01	0800	0604	00	01	44	37	e644	0df3c0a8	002a0000	0000	0000	c0a8005a	00000000	0000	0000	0000	0000	00	00	00	00	00	00	PROBE
06:45:24905887 	ffffffffffff	4437e6440df3	0806	00	01	0800	0604	00	01	44	37	e644	0df3c0a8	002a0000	0000	0000	c0a8005b	00000000	0000	0000	0000	0000	00	00	00	00	00	00	PROBE
06:45:24907810 	ffffffffffff	4437e6440df3	0806	00	01	0800	0604	00	01	44	37	e644	0df3c0a8	002a0000	0000	0000	c0a8005c	00000000	0000	0000	0000	0000	00	00	00	00	00	00	PROBE
06:45:24909995 	ffffffffffff	4437e6440df3	0806	00	01	0800	0604	00	01	44	37	e644	0df3c0a8	002a0000	0000	0000	c0a8005d	00000000	0000	0000	0000	0000	00	00	00	00	00	00	PROBE
06:45:24911942 	ffffffffffff	4437e6440df3	0806	00	01	0800	0604	00	01	44	37	e644	0df3c0a8	002a0000	0000	0000	c0a8005e	00000000	0000	0000	0000	0000	00	00	00	00	00	00	PROBE
06:45:24913880 	ffffffffffff	4437e6440df3	0806	00	01	0800	0604	00	01	44	37	e644	0df3c0a8	002a0000	0000	0000	c0a8005f	00000000	0000	0000	0000	0000	00	00	00	00	00	00	PROBE
06:45:24915800 	ffffffffffff	4437e6440df3	0806	00	01	0800	0604	00	01	44	37	e644	0df3c0a8	002a0000	0000	0000	c0a80060	00000000	0000	0000	0000	0000	00	00	00	00	00	00	PROBE
06:45:24918345 	ffffffffffff	4437e6440df3	0806	00	01	0800	0604	00	01	44	37	e644	0df3c0a8	002a0000	0000	0000	c0a80061	00000000	0000	0000	0000	0000	00	00	00	00	00	00	PROBE
06:45:24920316 	ffffffffffff	4437e6440df3	0806	00	01	0800	0604	00	01	44	37	e644	0df3c0a8	002a0000	0000	0000	c0a80062	00000000	0000	0000	0000	0000	00	00	00	00	00	00	PROBE
06:45:24922259 	ffffffffffff	4437e6440df3	0806	00	01	0800	0604	00	01	44	37	e644	0df3c0a8	002a0000	0000	0000	c0a80063	00000000	0000	0000	0000	0000	00	00	00	00	00	00	PROBE
06:45:24924206 	ffffffffffff	4437e6440df3	0806	00	01	0800	0604	00	01	44	37	e644	0df3c0a8	002a0000	0000	0000	c0a80064	00000000	0000	0000	0000	0000	00	00	00	00	00	00	PROBE
06:45:24926121 	ffffffffffff	4437e6440df3	0806	00	01	0800	0604	00	01	44	37	e644	0df3c0a8	002a0000	0000	0000	c0a80065	00000000	0000	0000	0000	0000	00	00	00	00	00	00	PROBE
06:45:24928061 	ffffffffffff	4437e6440df3	0806	00	01	0800	0604	00	01	44	37	e644	0df3c0a8	002a0000	0000	0000	c0a80066	00000000	0000	0000	0000	0000	00	00	00	00	00	00	PROBE
06:45:24930329 	ffffffffffff	4437e6440df3	0806	00	01	0800	0604	00	01	44	37	e644	0df3c0a8	002a0000	0000	0000	c0a80067	00000000	0000	0000	0000	0000	00	00	00	00	00	00	PROBE
06:45:24932400 	ffffffffffff	4437e6440df3	0806	00	01	0800	0604	00	01	44	37	e644	0df3c0a8	002a0000	0000	0000	c0a80068	00000000	0000	0000	0000	0000	00	00	00	00	00	00	PROBE
06:45:24934494 	ffffffffffff	4437e6440df3	0806	00	01	0800	0604	00	01	44	37	e644	0df3c0a8	002a0000	0000	0000	c0a80069	00000000	0000	0000	0000	0000	00	00	00	00	00	00	PROBE
06:45:24936787 	ffffffffffff	4437e6440df3	0806	00	01	0800	0604	00	01	44	37	e644	0df3c0a8	002a0000	0000	0000	c0a8006a	00000000	0000	0000	0000	0000	00	00	00	00	00	00	PROBE
06:45:24938850 	ffffffffffff	4437e6440df3	0806	00	01	0800	0604	00	01	44	37	e644	0df3c0a8	002a0000	0000	0000	c0a8006b	00000000	0000	0000	0000	0000	00	00	00	00	00	00	PROBE
06:45:24942859 	ffffffffffff	4437e6440df3	0806	00	01	0800	0604	00	01	44	37	e644	0df3c0a8	002a0000	0000	0000	c0a8006c	00000000	0000	0000	0000	0000	00	00	00	00	00	00	PROBE
06:45:24943780 	ffffffffffff	4437e6440df3	0806	00	01	0800	0604	00	01	44	37	e644	0df3c0a8	002a0000	0000	0000	c0a8006d	00000000	0000	0000	0000	0000	00	00	00	00	00	00	PROBE
06:45:24944292 	ffffffffffff	4437e6440df3	0806	00	01	0800	0604	00	01	44	37	e644	0df3c0a8	002a0000	0000	0000	c0a8006e	00000000	0000	0000	0000	0000	00	00	00	00	00	00	PROBE
06:45:24944293 	ffffffffffff	4437e6440df3	0806	00	01	0800	0604	00	01	44	37	e644	0df3c0a8	002a0000	0000	0000	c0a8006f	00000000	0000	0000	0000	0000	00	00	00	00	00	00	PROBE
06:45:24944294 	ffffffffffff	4437e6440df3	0806	00	01	0800	0604	00	01	44	37	e644	0df3c0a8	002a0000	0000	0000	c0a80070	00000000	0000	0000	0000	0000	00	00	00	00	00	00	PROBE
06:45:24948253 	ffffffffffff	4437e6440df3	0806	00	01	0800	0604	00	01	44	37	e644	0df3c0a8	002a0000	0000	0000	c0a80071	00000000	0000	0000	0000	0000	00	00	00	00	00	00	PROBE
06:45:24948945 	ffffffffffff	4437e6440df3	0806	00	01	0800	0604	00	01	44	37	e644	0df3c0a8	002a0000	0000	0000	c0a80074	00000000	0000	0000	0000	0000	00	00	00	00	00	00	PROBE
06:45:24948946 	ffffffffffff	4437e6440df3	0806	00	01	0800	0604	00	01	44	37	e644	0df3c0a8	002a0000	0000	0000	c0a80072	00000000	0000	0000	0000	0000	00	00	00	00	00	00	PROBE
06:45:24948947 	ffffffffffff	4437e6440df3	0806	00	01	0800	0604	00	01	44	37	e644	0df3c0a8	002a0000	0000	0000	c0a8007a	00000000	0000	0000	0000	0000	00	00	00	00	00	00	PROBE
06:45:24948948 	ffffffffffff	4437e6440df3	0806	00	01	0800	0604	00	01	44	37	e644	0df3c0a8	002a0000	0000	0000	c0a80079	00000000	0000	0000	0000	0000	00	00	00	00	00	00	PROBE
06:45:24948948 	ffffffffffff	4437e6440df3	0806	00	01	0800	0604	00	01	44	37	e644	0df3c0a8	002a0000	0000	0000	c0a80078	00000000	0000	0000	0000	0000	00	00	00	00	00	00	PROBE
06:45:24949101 	ffffffffffff	4437e6440df3	0806	00	01	0800	0604	00	01	44	37	e644	0df3c0a8	002a0000	0000	0000	c0a80077	00000000	0000	0000	0000	0000	00	00	00	00	00	00	PROBE
06:45:24949102 	ffffffffffff	4437e6440df3	0806	00	01	0800	0604	00	01	44	37	e644	0df3c0a8	002a0000	0000	0000	c0a80076	00000000	0000	0000	0000	0000	00	00	00	00	00	00	PROBE
06:45:24949103 	ffffffffffff	4437e6440df3	0806	00	01	0800	0604	00	01	44	37	e644	0df3c0a8	002a0000	0000	0000	c0a80073	00000000	0000	0000	0000	0000	00	00	00	00	00	00	PROBE
06:45:24949103 	ffffffffffff	4437e6440df3	0806	00	01	0800	0604	00	01	44	37	e644	0df3c0a8	002a0000	0000	0000	c0a80075	00000000	0000	0000	0000	0000	00	00	00	00	00	00	PROBE
06:45:25887398 	ffffffffffff	4437e6440df3	0806	00	01	0800	0604	00	01	44	37	e644	0df3c0a8	002a0000	0000	0000	c0a80053	00000000	0000	0000	0000	0000	00	00	00	00	00	00	PROBE
06:45:25887400 	ffffffffffff	4437e6440df3	0806	00	01	0800	0604	00	01	44	37	e644	0df3c0a8	002a0000	0000	0000	c0a80054	00000000	0000	0000	0000	0000	00	00	00	00	00	00	PROBE
06:45:25887401 	ffffffffffff	4437e6440df3	0806	00	01	0800	0604	00	01	44	37	e644	0df3c0a8	002a0000	0000	0000	c0a80055	00000000	0000	0000	0000	0000	00	00	00	00	00	00	PROBE
06:45:25887402 	ffffffffffff	4437e6440df3	0806	00	01	0800	0604	00	01	44	37	e644	0df3c0a8	002a0000	0000	0000	c0a80056	00000000	0000	0000	0000	0000	00	00	00	00	00	00	PROBE
06:45:25887402 	ffffffffffff	4437e6440df3	0806	00	01	0800	0604	00	01	44	37	e644	0df3c0a8	002a0000	0000	0000	c0a80057	00000000	0000	0000	0000	0000	00	00	00	00	00	00	PROBE
06:45:25887403 	ffffffffffff	4437e6440df3	0806	00	01	0800	0604	00	01	44	37	e644	0df3c0a8	002a0000	0000	0000	c0a80058	00000000	0000	0000	0000	0000	00	00	00	00	00	00	PROBE
06:45:25887403 	ffffffffffff	4437e6440df3	0806	00	01	0800	0604	00	01	44	37	e644	0df3c0a8	002a0000	0000	0000	c0a80059	00000000	0000	0000	0000	0000	00	00	00	00	00	00	PROBE
06:45:25887404 	ffffffffffff	4437e6440df3	0806	00	01	0800	0604	00	01	44	37	e644	0df3c0a8	002a0000	0000	0000	c0a8005a	00000000	0000	0000	0000	0000	00	00	00	00	00	00	PROBE
06:45:25887404 	ffffffffffff	4437e6440df3	0806	00	01	0800	0604	00	01	44	37	e644	0df3c0a8	002a0000	0000	0000	c0a8005b	00000000	0000	0000	0000	0000	00	00	00	00	00	00	PROBE
06:45:25887405 	ffffffffffff	4437e6440df3	0806	00	01	0800	0604	00	01	44	37	e644	0df3c0a8	002a0000	0000	0000	c0a8005c	00000000	0000	0000	0000	0000	00	00	00	00	00	00	PROBE
06:45:25887405 	ffffffffffff	4437e6440df3	0806	00	01	0800	0604	00	01	44	37	e644	0df3c0a8	002a0000	0000	0000	c0a8005d	00000000	0000	0000	0000	0000	00	00	00	00	00	00	PROBE
06:45:25887486 	ffffffffffff	4437e6440df3	0806	00	01	0800	0604	00	01	44	37	e644	0df3c0a8	002a0000	0000	0000	c0a8005e	00000000	0000	0000	0000	0000	00	00	00	00	00	00	PROBE
06:45:25887488 	ffffffffffff	4437e6440df3	0806	00	01	0800	0604	00	01	44	37	e644	0df3c0a8	002a0000	0000	0000	c0a8005f	00000000	0000	0000	0000	0000	00	00	00	00	00	00	PROBE
06:45:25887488 	ffffffffffff	4437e6440df3	0806	00	01	0800	0604	00	01	44	37	e644	0df3c0a8	002a0000	0000	0000	c0a80060	00000000	0000	0000	0000	0000	00	00	00	00	00	00	PROBE
06:45:25887489 	ffffffffffff	4437e6440df3	0806	00	01	0800	0604	00	01	44	37	e644	0df3c0a8	002a0000	0000	0000	c0a80061	00000000	0000	0000	0000	0000	00	00	00	00	00	00	PROBE
06:45:25887490 	ffffffffffff	4437e6440df3	0806	00	01	0800	0604	00	01	44	37	e644	0df3c0a8	002a0000	0000	0000	c0a80062	00000000	0000	0000	0000	0000	00	00	00	00	00	00	PROBE
06:45:25887490 	ffffffffffff	4437e6440df3	0806	00	01	0800	0604	00	01	44	37	e644	0df3c0a8	002a0000	0000	0000	c0a80063	00000000	0000	0000	0000	0000	00	00	00	00	00	00	PROBE
06:45:25887491 	ffffffffffff	4437e6440df3	0806	00	01	0800	0604	00	01	44	37	e644	0df3c0a8	002a0000	0000	0000	c0a80064	00000000	0000	0000	0000	0000	00	00	00	00	00	00	PROBE
06:45:25887491 	ffffffffffff	4437e6440df3	0806	00	01	0800	0604	00	01	44	37	e644	0df3c0a8	002a0000	0000	0000	c0a80065	00000000	0000	0000	0000	0000	00	00	00	00	00	00	PROBE
06:45:25887492 	ffffffffffff	4437e6440df3	0806	00	01	0800	0604	00	01	44	37	e644	0df3c0a8	002a0000	0000	0000	c0a80066	00000000	0000	0000	0000	0000	00	00	00	00	00	00	PROBE
06:45:25887492 	ffffffffffff	4437e6440df3	0806	00	01	0800	0604	00	01	44	37	e644	0df3c0a8	002a0000	0000	0000	c0a80067	00000000	0000	0000	0000	0000	00	00	00	00	00	00	PROBE
06:45:25887493 	ffffffffffff	4437e6440df3	0806	00	01	0800	0604	00	01	44	37	e644	0df3c0a8	002a0000	0000	0000	c0a80068	00000000	0000	0000	0000	0000	00	00	00	00	00	00	PROBE
06:45:25887493 	ffffffffffff	4437e6440df3	0806	00	01	0800	0604	00	01	44	37	e644	0df3c0a8	002a0000	0000	0000	c0a80069	00000000	0000	0000	0000	0000	00	00	00	00	00	00	PROBE
06:45:25887494 	ffffffffffff	4437e6440df3	0806	00	01	0800	0604	00	01	44	37	e644	0df3c0a8	002a0000	0000	0000	c0a8006a	00000000	0000	0000	0000	0000	00	00	00	00	00	00	PROBE
06:45:25887494 	ffffffffffff	4437e6440df3	0806	00	01	0800	0604	00	01	44	37	e644	0df3c0a8	002a0000	0000	0000	c0a8006b	00000000	0000	0000	0000	0000	00	00	00	00	00	00	PROBE
06:45:25887495 	ffffffffffff	4437e6440df3	0806	00	01	0800	0604	00	01	44	37	e644	0df3c0a8	002a0000	0000	0000	c0a8006c	00000000	0000	0000	0000	0000	00	00	00	00	00	00	PROBE
06:45:25887496 	ffffffffffff	4437e6440df3	0806	00	01	0800	0604	00	01	44	37	e644	0df3c0a8	002a0000	0000	0000	c0a8006d	00000000	0000	0000	0000	0000	00	00	00	00	00	00	PROBE
06:45:25887496 	ffffffffffff	4437e6440df3	0806	00	01	0800	0604	00	01	44	37	e644	0df3c0a8	002a0000	0000	0000	c0a8006e	00000000	0000	0000	0000	0000	00	00	00	00	00	00	PROBE
06:45:25887497 	ffffffffffff	4437e6440df3	0806	00	01	0800	0604	00	01	44	37	e644	0df3c0a8	002a0000	0000	0000	c0a8006f	00000000	0000	0000	0000	0000	00	00	00	00	00	00	PROBE
06:45:25887497 	ffffffffffff	4437e6440df3	0806	00	01	0800	0604	00	01	44	37	e644	0df3c0a8	002a0000	0000	0000	c0a80070	00000000	0000	0000	0000	0000	00	00	00	00	00	00	PROBE
06:45:25887498 	ffffffffffff	4437e6440df3	0806	00	01	0800	0604	00	01	44	37	e644	0df3c0a8	002a0000	0000	0000	c0a80071	00000000	0000	0000	0000	0000	00	00	00	00	00	00	PROBE
06:45:25887498 	ffffffffffff	4437e6440df3	0806	00	01	0800	0604	00	01	44	37	e644	0df3c0a8	002a0000	0000	0000	c0a80074	00000000	0000	0000	0000	0000	00	00	00	00	00	00	PROBE
06:45:25887499 	ffffffffffff	4437e6440df3	0806	00	01	0800	0604	00	01	44	37	e644	0df3c0a8	002a0000	0000	0000	c0a80072	00000000	0000	0000	0000	0000	00	00	00	00	00	00	PROBE
06:45:25887500 	ffffffffffff	4437e6440df3	0806	00	01	0800	0604	00	01	44	37	e644	0df3c0a8	002a0000	0000	0000	c0a8007a	00000000	0000	0000	0000	0000	00	00	00	00	00	00	PROBE
06:45:25887500 	ffffffffffff	4437e6440df3	0806	00	01	0800	0604	00	01	44	37	e644	0df3c0a8	002a0000	0000	0000	c0a80079	00000000	0000	0000	0000	0000	00	00	00	00	00	00	PROBE
06:45:25887501 	ffffffffffff	4437e6440df3	0806	00	01	0800	0604	00	01	44	37	e644	0df3c0a8	002a0000	0000	0000	c0a80078	00000000	0000	0000	0000	0000	00	00	00	00	00	00	PROBE
06:45:25887501 	ffffffffffff	4437e6440df3	0806	00	01	0800	0604	00	01	44	37	e644	0df3c0a8	002a0000	0000	0000	c0a80077	00000000	0000	0000	0000	0000	00	00	00	00	00	00	PROBE
06:45:25887502 	ffffffffffff	4437e6440df3	0806	00	01	0800	0604	00	01	44	37	e644	0df3c0a8	002a0000	0000	0000	c0a80076	00000000	0000	0000	0000	0000	00	00	00	00	00	00	PROBE
06:45:25887503 	ffffffffffff	4437e6440df3	0806	00	01	0800	0604	00	01	44	37	e644	0df3c0a8	002a0000	0000	0000	c0a80073	00000000	0000	0000	0000	0000	00	00	00	00	00	00	PROBE
06:45:25887503 	ffffffffffff	4437e6440df3	0806	00	01	0800	0604	00	01	44	37	e644	0df3c0a8	002a0000	0000	0000	c0a80075	00000000	0000	0000	0000	0000	00	00	00	00	00	00	PROBE
06:45:25978510 	ffffffffffff	4437e6440df3	0806	00	01	0800	0604	00	01	44	37	e644	0df3c0a8	002a0000	0000	0000	c0a80001	00000000	0000	0000	0000	0000	00	00	00	00	00	00	PROBE
06:45:26887440 	ffffffffffff	4437e6440df3	0806	00	01	0800	0604	00	01	44	37	e644	0df3c0a8	002a0000	0000	0000	c0a80053	00000000	0000	0000	0000	0000	00	00	00	00	00	00	PROBE
06:45:26887442 	ffffffffffff	4437e6440df3	0806	00	01	0800	0604	00	01	44	37	e644	0df3c0a8	002a0000	0000	0000	c0a80054	00000000	0000	0000	0000	0000	00	00	00	00	00	00	PROBE
06:45:26887443 	ffffffffffff	4437e6440df3	0806	00	01	0800	0604	00	01	44	37	e644	0df3c0a8	002a0000	0000	0000	c0a80055	00000000	0000	0000	0000	0000	00	00	00	00	00	00	PROBE
06:45:26887443 	ffffffffffff	4437e6440df3	0806	00	01	0800	0604	00	01	44	37	e644	0df3c0a8	002a0000	0000	0000	c0a80056	00000000	0000	0000	0000	0000	00	00	00	00	00	00	PROBE
06:45:26887444 	ffffffffffff	4437e6440df3	0806	00	01	0800	0604	00	01	44	37	e644	0df3c0a8	002a0000	0000	0000	c0a80057	00000000	0000	0000	0000	0000	00	00	00	00	00	00	PROBE
06:45:26887445 	ffffffffffff	4437e6440df3	0806	00	01	0800	0604	00	01	44	37	e644	0df3c0a8	002a0000	0000	0000	c0a80058	00000000	0000	0000	0000	0000	00	00	00	00	00	00	PROBE
06:45:26887445 	ffffffffffff	4437e6440df3	0806	00	01	0800	0604	00	01	44	37	e644	0df3c0a8	002a0000	0000	0000	c0a80059	00000000	0000	0000	0000	0000	00	00	00	00	00	00	PROBE
06:45:26887446 	ffffffffffff	4437e6440df3	0806	00	01	0800	0604	00	01	44	37	e644	0df3c0a8	002a0000	0000	0000	c0a8005a	00000000	0000	0000	0000	0000	00	00	00	00	00	00	PROBE
06:45:26887446 	ffffffffffff	4437e6440df3	0806	00	01	0800	0604	00	01	44	37	e644	0df3c0a8	002a0000	0000	0000	c0a8005b	00000000	0000	0000	0000	0000	00	00	00	00	00	00	PROBE
06:45:26887447 	ffffffffffff	4437e6440df3	0806	00	01	0800	0604	00	01	44	37	e644	0df3c0a8	002a0000	0000	0000	c0a8005c	00000000	0000	0000	0000	0000	00	00	00	00	00	00	PROBE
06:45:26887447 	ffffffffffff	4437e6440df3	0806	00	01	0800	0604	00	01	44	37	e644	0df3c0a8	002a0000	0000	0000	c0a8005d	00000000	0000	0000	0000	0000	00	00	00	00	00	00	PROBE
06:45:26887524 	ffffffffffff	4437e6440df3	0806	00	01	0800	0604	00	01	44	37	e644	0df3c0a8	002a0000	0000	0000	c0a8005e	00000000	0000	0000	0000	0000	00	00	00	00	00	00	PROBE
06:45:26887525 	ffffffffffff	4437e6440df3	0806	00	01	0800	0604	00	01	44	37	e644	0df3c0a8	002a0000	0000	0000	c0a8005f	00000000	0000	0000	0000	0000	00	00	00	00	00	00	PROBE
06:45:26887526 	ffffffffffff	4437e6440df3	0806	00	01	0800	0604	00	01	44	37	e644	0df3c0a8	002a0000	0000	0000	c0a80060	00000000	0000	0000	0000	0000	00	00	00	00	00	00	PROBE
06:45:26887526 	ffffffffffff	4437e6440df3	0806	00	01	0800	0604	00	01	44	37	e644	0df3c0a8	002a0000	0000	0000	c0a80061	00000000	0000	0000	0000	0000	00	00	00	00	00	00	PROBE
06:45:26887527 	ffffffffffff	4437e6440df3	0806	00	01	0800	0604	00	01	44	37	e644	0df3c0a8	002a0000	0000	0000	c0a80062	00000000	0000	0000	0000	0000	00	00	00	00	00	00	PROBE
06:45:26887528 	ffffffffffff	4437e6440df3	0806	00	01	0800	0604	00	01	44	37	e644	0df3c0a8	002a0000	0000	0000	c0a80063	00000000	0000	0000	0000	0000	00	00	00	00	00	00	PROBE
06:45:26887528 	ffffffffffff	4437e6440df3	0806	00	01	0800	0604	00	01	44	37	e644	0df3c0a8	002a0000	0000	0000	c0a80064	00000000	0000	0000	0000	0000	00	00	00	00	00	00	PROBE
06:45:26887529 	ffffffffffff	4437e6440df3	0806	00	01	0800	0604	00	01	44	37	e644	0df3c0a8	002a0000	0000	0000	c0a80065	00000000	0000	0000	0000	0000	00	00	00	00	00	00	PROBE
06:45:26887529 	ffffffffffff	4437e6440df3	0806	00	01	0800	0604	00	01	44	37	e644	0df3c0a8	002a0000	0000	0000	c0a80066	00000000	0000	0000	0000	0000	00	00	00	00	00	00	PROBE
06:45:26887530 	ffffffffffff	4437e6440df3	0806	00	01	0800	0604	00	01	44	37	e644	0df3c0a8	002a0000	0000	0000	c0a80067	00000000	0000	0000	0000	0000	00	00	00	00	00	00	PROBE
06:45:26887530 	ffffffffffff	4437e6440df3	0806	00	01	0800	0604	00	01	44	37	e644	0df3c0a8	002a0000	0000	0000	c0a80068	00000000	0000	0000	0000	0000	00	00	00	00	00	00	PROBE
06:45:26887531 	ffffffffffff	4437e6440df3	0806	00	01	0800	0604	00	01	44	37	e644	0df3c0a8	002a0000	0000	0000	c0a80069	00000000	0000	0000	0000	0000	00	00	00	00	00	00	PROBE
06:45:26887532 	ffffffffffff	4437e6440df3	0806	00	01	0800	0604	00	01	44	37	e644	0df3c0a8	002a0000	0000	0000	c0a8006a	00000000	0000	0000	0000	0000	00	00	00	00	00	00	PROBE
06:45:26887532 	ffffffffffff	4437e6440df3	0806	00	01	0800	0604	00	01	44	37	e644	0df3c0a8	002a0000	0000	0000	c0a8006b	00000000	0000	0000	0000	0000	00	00	00	00	00	00	PROBE
06:45:26887533 	ffffffffffff	4437e6440df3	0806	00	01	0800	0604	00	01	44	37	e644	0df3c0a8	002a0000	0000	0000	c0a8006c	00000000	0000	0000	0000	0000	00	00	00	00	00	00	PROBE
06:45:26887533 	ffffffffffff	4437e6440df3	0806	00	01	0800	0604	00	01	44	37	e644	0df3c0a8	002a0000	0000	0000	c0a8006d	00000000	0000	0000	0000	0000	00	00	00	00	00	00	PROBE
06:45:26887534 	ffffffffffff	4437e6440df3	0806	00	01	0800	0604	00	01	44	37	e644	0df3c0a8	002a0000	0000	0000	c0a8006e	00000000	0000	0000	0000	0000	00	00	00	00	00	00	PROBE
06:45:26887534 	ffffffffffff	4437e6440df3	0806	00	01	0800	0604	00	01	44	37	e644	0df3c0a8	002a0000	0000	0000	c0a8006f	00000000	0000	0000	0000	0000	00	00	00	00	00	00	PROBE
06:45:26887535 	ffffffffffff	4437e6440df3	0806	00	01	0800	0604	00	01	44	37	e644	0df3c0a8	002a0000	0000	0000	c0a80070	00000000	0000	0000	0000	0000	00	00	00	00	00	00	PROBE
06:45:26887535 	ffffffffffff	4437e6440df3	0806	00	01	0800	0604	00	01	44	37	e644	0df3c0a8	002a0000	0000	0000	c0a80071	00000000	0000	0000	0000	0000	00	00	00	00	00	00	PROBE
06:45:26887536 	ffffffffffff	4437e6440df3	0806	00	01	0800	0604	00	01	44	37	e644	0df3c0a8	002a0000	0000	0000	c0a80074	00000000	0000	0000	0000	0000	00	00	00	00	00	00	PROBE
06:45:26887537 	ffffffffffff	4437e6440df3	0806	00	01	0800	0604	00	01	44	37	e644	0df3c0a8	002a0000	0000	0000	c0a80072	00000000	0000	0000	0000	0000	00	00	00	00	00	00	PROBE
06:45:26887537 	ffffffffffff	4437e6440df3	0806	00	01	0800	0604	00	01	44	37	e644	0df3c0a8	002a0000	0000	0000	c0a8007a	00000000	0000	0000	0000	0000	00	00	00	00	00	00	PROBE
06:45:26887538 	ffffffffffff	4437e6440df3	0806	00	01	0800	0604	00	01	44	37	e644	0df3c0a8	002a0000	0000	0000	c0a80079	00000000	0000	0000	0000	0000	00	00	00	00	00	00	PROBE
06:45:26887629 	ffffffffffff	4437e6440df3	0806	00	01	0800	0604	00	01	44	37	e644	0df3c0a8	002a0000	0000	0000	c0a80078	00000000	0000	0000	0000	0000	00	00	00	00	00	00	PROBE
06:45:26887629 	ffffffffffff	4437e6440df3	0806	00	01	0800	0604	00	01	44	37	e644	0df3c0a8	002a0000	0000	0000	c0a80077	00000000	0000	0000	0000	0000	00	00	00	00	00	00	PROBE
06:45:26887630 	ffffffffffff	4437e6440df3	0806	00	01	0800	0604	00	01	44	37	e644	0df3c0a8	002a0000	0000	0000	c0a80076	00000000	0000	0000	0000	0000	00	00	00	00	00	00	PROBE
06:45:26887631 	ffffffffffff	4437e6440df3	0806	00	01	0800	0604	00	01	44	37	e644	0df3c0a8	002a0000	0000	0000	c0a80073	00000000	0000	0000	0000	0000	00	00	00	00	00	00	PROBE
06:45:26887631 	ffffffffffff	4437e6440df3	0806	00	01	0800	0604	00	01	44	37	e644	0df3c0a8	002a0000	0000	0000	c0a80075	00000000	0000	0000	0000	0000	00	00	00	00	00	00	PROBE
06:45:26887632 	ffffffffffff	4437e6440df3	0806	00	01	0800	0604	00	01	44	37	e644	0df3c0a8	002a0000	0000	0000	c0a80001	00000000	0000	0000	0000	0000	00	00	00	00	00	00	PROBE
06:45:26899122 	ffffffffffff	4437e6440df3	0806	00	01	0800	0604	00	01	44	37	e644	0df3c0a8	002a0000	0000	0000	c0a8007b	00000000	0000	0000	0000	0000	00	00	00	00	00	00	PROBE
06:45:26900755 	ffffffffffff	4437e6440df3	0806	00	01	0800	0604	00	01	44	37	e644	0df3c0a8	002a0000	0000	0000	c0a8007c	00000000	0000	0000	0000	0000	00	00	00	00	00	00	PROBE
06:45:26900756 	ffffffffffff	4437e6440df3	0806	00	01	0800	0604	00	01	44	37	e644	0df3c0a8	002a0000	0000	0000	c0a8007d	00000000	0000	0000	0000	0000	00	00	00	00	00	00	PROBE
06:45:26905075 	ffffffffffff	4437e6440df3	0806	00	01	0800	0604	00	01	44	37	e644	0df3c0a8	002a0000	0000	0000	c0a8007e	00000000	0000	0000	0000	0000	00	00	00	00	00	00	PROBE
06:45:26907942 	ffffffffffff	4437e6440df3	0806	00	01	0800	0604	00	01	44	37	e644	0df3c0a8	002a0000	0000	0000	c0a8007f	00000000	0000	0000	0000	0000	00	00	00	00	00	00	PROBE
06:45:26913976 	ffffffffffff	4437e6440df3	0806	00	01	0800	0604	00	01	44	37	e644	0df3c0a8	002a0000	0000	0000	c0a80080	00000000	0000	0000	0000	0000	00	00	00	00	00	00	PROBE
06:45:26914390 	ffffffffffff	4437e6440df3	0806	00	01	0800	0604	00	01	44	37	e644	0df3c0a8	002a0000	0000	0000	c0a80086	00000000	0000	0000	0000	0000	00	00	00	00	00	00	PROBE
06:45:26914561 	ffffffffffff	4437e6440df3	0806	00	01	0800	0604	00	01	44	37	e644	0df3c0a8	002a0000	0000	0000	c0a80082	00000000	0000	0000	0000	0000	00	00	00	00	00	00	PROBE
06:45:26914561 	ffffffffffff	4437e6440df3	0806	00	01	0800	0604	00	01	44	37	e644	0df3c0a8	002a0000	0000	0000	c0a80083	00000000	0000	0000	0000	0000	00	00	00	00	00	00	PROBE
06:45:26914783 	ffffffffffff	4437e6440df3	0806	00	01	0800	0604	00	01	44	37	e644	0df3c0a8	002a0000	0000	0000	c0a80081	00000000	0000	0000	0000	0000	00	00	00	00	00	00	PROBE
06:45:26914962 	ffffffffffff	4437e6440df3	0806	00	01	0800	0604	00	01	44	37	e644	0df3c0a8	002a0000	0000	0000	c0a80085	00000000	0000	0000	0000	0000	00	00	00	00	00	00	PROBE
06:45:26914963 	ffffffffffff	4437e6440df3	0806	00	01	0800	0604	00	01	44	37	e644	0df3c0a8	002a0000	0000	0000	c0a80084	00000000	0000	0000	0000	0000	00	00	00	00	00	00	PROBE
06:45:26922105 	ffffffffffff	4437e6440df3	0806	00	01	0800	0604	00	01	44	37	e644	0df3c0a8	002a0000	0000	0000	c0a80087	00000000	0000	0000	0000	0000	00	00	00	00	00	00	PROBE
06:45:26922106 	ffffffffffff	4437e6440df3	0806	00	01	0800	0604	00	01	44	37	e644	0df3c0a8	002a0000	0000	0000	c0a80096	00000000	0000	0000	0000	0000	00	00	00	00	00	00	PROBE
06:45:26922107 	ffffffffffff	4437e6440df3	0806	00	01	0800	0604	00	01	44	37	e644	0df3c0a8	002a0000	0000	0000	c0a80089	00000000	0000	0000	0000	0000	00	00	00	00	00	00	PROBE
06:45:26922107 	ffffffffffff	4437e6440df3	0806	00	01	0800	0604	00	01	44	37	e644	0df3c0a8	002a0000	0000	0000	c0a80088	00000000	0000	0000	0000	0000	00	00	00	00	00	00	PROBE
06:45:26922257 	ffffffffffff	4437e6440df3	0806	00	01	0800	0604	00	01	44	37	e644	0df3c0a8	002a0000	0000	0000	c0a8008a	00000000	0000	0000	0000	0000	00	00	00	00	00	00	PROBE
06:45:26922258 	ffffffffffff	4437e6440df3	0806	00	01	0800	0604	00	01	44	37	e644	0df3c0a8	002a0000	0000	0000	c0a80098	00000000	0000	0000	0000	0000	00	00	00	00	00	00	PROBE
06:45:26922259 	ffffffffffff	4437e6440df3	0806	00	01	0800	0604	00	01	44	37	e644	0df3c0a8	002a0000	0000	0000	c0a80093	00000000	0000	0000	0000	0000	00	00	00	00	00	00	PROBE
06:45:26922259 	ffffffffffff	4437e6440df3	0806	00	01	0800	0604	00	01	44	37	e644	0df3c0a8	002a0000	0000	0000	c0a8008b	00000000	0000	0000	0000	0000	00	00	00	00	00	00	PROBE
06:45:26922260 	ffffffffffff	4437e6440df3	0806	00	01	0800	0604	00	01	44	37	e644	0df3c0a8	002a0000	0000	0000	c0a8008c	00000000	0000	0000	0000	0000	00	00	00	00	00	00	PROBE
06:45:26922394 	ffffffffffff	4437e6440df3	0806	00	01	0800	0604	00	01	44	37	e644	0df3c0a8	002a0000	0000	0000	c0a8008d	00000000	0000	0000	0000	0000	00	00	00	00	00	00	PROBE
06:45:26922395 	ffffffffffff	4437e6440df3	0806	00	01	0800	0604	00	01	44	37	e644	0df3c0a8	002a0000	0000	0000	c0a8008f	00000000	0000	0000	0000	0000	00	00	00	00	00	00	PROBE
06:45:26922395 	ffffffffffff	4437e6440df3	0806	00	01	0800	0604	00	01	44	37	e644	0df3c0a8	002a0000	0000	0000	c0a8009a	00000000	0000	0000	0000	0000	00	00	00	00	00	00	PROBE
06:45:26922555 	ffffffffffff	4437e6440df3	0806	00	01	0800	0604	00	01	44	37	e644	0df3c0a8	002a0000	0000	0000	c0a80097	00000000	0000	0000	0000	0000	00	00	00	00	00	00	PROBE
06:45:26922556 	ffffffffffff	4437e6440df3	0806	00	01	0800	0604	00	01	44	37	e644	0df3c0a8	002a0000	0000	0000	c0a8009b	00000000	0000	0000	0000	0000	00	00	00	00	00	00	PROBE
06:45:26922556 	ffffffffffff	4437e6440df3	0806	00	01	0800	0604	00	01	44	37	e644	0df3c0a8	002a0000	0000	0000	c0a80095	00000000	0000	0000	0000	0000	00	00	00	00	00	00	PROBE
06:45:26922557 	ffffffffffff	4437e6440df3	0806	00	01	0800	0604	00	01	44	37	e644	0df3c0a8	002a0000	0000	0000	c0a80094	00000000	0000	0000	0000	0000	00	00	00	00	00	00	PROBE
06:45:26922558 	ffffffffffff	4437e6440df3	0806	00	01	0800	0604	00	01	44	37	e644	0df3c0a8	002a0000	0000	0000	c0a80092	00000000	0000	0000	0000	0000	00	00	00	00	00	00	PROBE
06:45:26922558 	ffffffffffff	4437e6440df3	0806	00	01	0800	0604	00	01	44	37	e644	0df3c0a8	002a0000	0000	0000	c0a80091	00000000	0000	0000	0000	0000	00	00	00	00	00	00	PROBE
06:45:26922559 	ffffffffffff	4437e6440df3	0806	00	01	0800	0604	00	01	44	37	e644	0df3c0a8	002a0000	0000	0000	c0a80090	00000000	0000	0000	0000	0000	00	00	00	00	00	00	PROBE
06:45:26923206 	ffffffffffff	4437e6440df3	0806	00	01	0800	0604	00	01	44	37	e644	0df3c0a8	002a0000	0000	0000	c0a8009f	00000000	0000	0000	0000	0000	00	00	00	00	00	00	PROBE
06:45:26923207 	ffffffffffff	4437e6440df3	0806	00	01	0800	0604	00	01	44	37	e644	0df3c0a8	002a0000	0000	0000	c0a800a0	00000000	0000	0000	0000	0000	00	00	00	00	00	00	PROBE
06:45:26923207 	ffffffffffff	4437e6440df3	0806	00	01	0800	0604	00	01	44	37	e644	0df3c0a8	002a0000	0000	0000	c0a8009e	00000000	0000	0000	0000	0000	00	00	00	00	00	00	PROBE
06:45:26923208 	ffffffffffff	4437e6440df3	0806	00	01	0800	0604	00	01	44	37	e644	0df3c0a8	002a0000	0000	0000	c0a80099	00000000	0000	0000	0000	0000	00	00	00	00	00	00	PROBE
06:45:26923354 	ffffffffffff	4437e6440df3	0806	00	01	0800	0604	00	01	44	37	e644	0df3c0a8	002a0000	0000	0000	c0a8009d	00000000	0000	0000	0000	0000	00	00	00	00	00	00	PROBE
06:45:26923355 	ffffffffffff	4437e6440df3	0806	00	01	0800	0604	00	01	44	37	e644	0df3c0a8	002a0000	0000	0000	c0a8009c	00000000	0000	0000	0000	0000	00	00	00	00	00	00	PROBE
06:45:26923355 	ffffffffffff	4437e6440df3	0806	00	01	0800	0604	00	01	44	37	e644	0df3c0a8	002a0000	0000	0000	c0a800a1	00000000	0000	0000	0000	0000	00	00	00	00	00	00	PROBE
06:45:26923356 	ffffffffffff	4437e6440df3	0806	00	01	0800	0604	00	01	44	37	e644	0df3c0a8	002a0000	0000	0000	c0a800a2	00000000	0000	0000	0000	0000	00	00	00	00	00	00	PROBE
06:45:26923357 	ffffffffffff	4437e6440df3	0806	00	01	0800	0604	00	01	44	37	e644	0df3c0a8	002a0000	0000	0000	c0a8008e	00000000	0000	0000	0000	0000	00	00	00	00	00	00	NORMAL
06:45:27887516 	ffffffffffff	4437e6440df3	0806	00	01	0800	0604	00	01	44	37	e644	0df3c0a8	002a0000	0000	0000	c0a80001	00000000	0000	0000	0000	0000	00	00	00	00	00	00	PROBE
06:45:27887518 	ffffffffffff	4437e6440df3	0806	00	01	0800	0604	00	01	44	37	e644	0df3c0a8	002a0000	0000	0000	c0a8007b	00000000	0000	0000	0000	0000	00	00	00	00	00	00	PROBE
06:45:27887518 	ffffffffffff	4437e6440df3	0806	00	01	0800	0604	00	01	44	37	e644	0df3c0a8	002a0000	0000	0000	c0a8007c	00000000	0000	0000	0000	0000	00	00	00	00	00	00	PROBE
06:45:27887519 	ffffffffffff	4437e6440df3	0806	00	01	0800	0604	00	01	44	37	e644	0df3c0a8	002a0000	0000	0000	c0a8007d	00000000	0000	0000	0000	0000	00	00	00	00	00	00	PROBE
06:45:27887520 	ffffffffffff	4437e6440df3	0806	00	01	0800	0604	00	01	44	37	e644	0df3c0a8	002a0000	0000	0000	c0a8007e	00000000	0000	0000	0000	0000	00	00	00	00	00	00	PROBE
06:45:27887521 	ffffffffffff	4437e6440df3	0806	00	01	0800	0604	00	01	44	37	e644	0df3c0a8	002a0000	0000	0000	c0a8007f	00000000	0000	0000	0000	0000	00	00	00	00	00	00	PROBE
06:45:27887522 	ffffffffffff	4437e6440df3	0806	00	01	0800	0604	00	01	44	37	e644	0df3c0a8	002a0000	0000	0000	c0a80080	00000000	0000	0000	0000	0000	00	00	00	00	00	00	PROBE
06:45:27887522 	ffffffffffff	4437e6440df3	0806	00	01	0800	0604	00	01	44	37	e644	0df3c0a8	002a0000	0000	0000	c0a80086	00000000	0000	0000	0000	0000	00	00	00	00	00	00	PROBE
06:45:27887523 	ffffffffffff	4437e6440df3	0806	00	01	0800	0604	00	01	44	37	e644	0df3c0a8	002a0000	0000	0000	c0a80082	00000000	0000	0000	0000	0000	00	00	00	00	00	00	PROBE
06:45:27887524 	ffffffffffff	4437e6440df3	0806	00	01	0800	0604	00	01	44	37	e644	0df3c0a8	002a0000	0000	0000	c0a80083	00000000	0000	0000	0000	0000	00	00	00	00	00	00	PROBE
06:45:27887597 	ffffffffffff	4437e6440df3	0806	00	01	0800	0604	00	01	44	37	e644	0df3c0a8	002a0000	0000	0000	c0a80081	00000000	0000	0000	0000	0000	00	00	00	00	00	00	PROBE
06:45:27887599 	ffffffffffff	4437e6440df3	0806	00	01	0800	0604	00	01	44	37	e644	0df3c0a8	002a0000	0000	0000	c0a80085	00000000	0000	0000	0000	0000	00	00	00	00	00	00	PROBE
06:45:27887599 	ffffffffffff	4437e6440df3	0806	00	01	0800	0604	00	01	44	37	e644	0df3c0a8	002a0000	0000	0000	c0a80084	00000000	0000	0000	0000	0000	00	00	00	00	00	00	PROBE
06:45:27887600 	ffffffffffff	4437e6440df3	0806	00	01	0800	0604	00	01	44	37	e644	0df3c0a8	002a0000	0000	0000	c0a80087	00000000	0000	0000	0000	0000	00	00	00	00	00	00	PROBE
06:45:27887600 	ffffffffffff	4437e6440df3	0806	00	01	0800	0604	00	01	44	37	e644	0df3c0a8	002a0000	0000	0000	c0a80096	00000000	0000	0000	0000	0000	00	00	00	00	00	00	PROBE
06:45:27887601 	ffffffffffff	4437e6440df3	0806	00	01	0800	0604	00	01	44	37	e644	0df3c0a8	002a0000	0000	0000	c0a80089	00000000	0000	0000	0000	0000	00	00	00	00	00	00	PROBE
06:45:27887601 	ffffffffffff	4437e6440df3	0806	00	01	0800	0604	00	01	44	37	e644	0df3c0a8	002a0000	0000	0000	c0a80088	00000000	0000	0000	0000	0000	00	00	00	00	00	00	PROBE
06:45:27887602 	ffffffffffff	4437e6440df3	0806	00	01	0800	0604	00	01	44	37	e644	0df3c0a8	002a0000	0000	0000	c0a8008a	00000000	0000	0000	0000	0000	00	00	00	00	00	00	PROBE
06:45:27887603 	ffffffffffff	4437e6440df3	0806	00	01	0800	0604	00	01	44	37	e644	0df3c0a8	002a0000	0000	0000	c0a80098	00000000	0000	0000	0000	0000	00	00	00	00	00	00	PROBE
06:45:27887603 	ffffffffffff	4437e6440df3	0806	00	01	0800	0604	00	01	44	37	e644	0df3c0a8	002a0000	0000	0000	c0a80093	00000000	0000	0000	0000	0000	00	00	00	00	00	00	PROBE
06:45:27887604 	ffffffffffff	4437e6440df3	0806	00	01	0800	0604	00	01	44	37	e644	0df3c0a8	002a0000	0000	0000	c0a8008b	00000000	0000	0000	0000	0000	00	00	00	00	00	00	PROBE
06:45:27887604 	ffffffffffff	4437e6440df3	0806	00	01	0800	0604	00	01	44	37	e644	0df3c0a8	002a0000	0000	0000	c0a8008c	00000000	0000	0000	0000	0000	00	00	00	00	00	00	PROBE
06:45:27887605 	ffffffffffff	4437e6440df3	0806	00	01	0800	0604	00	01	44	37	e644	0df3c0a8	002a0000	0000	0000	c0a8008d	00000000	0000	0000	0000	0000	00	00	00	00	00	00	PROBE
06:45:27887606 	ffffffffffff	4437e6440df3	0806	00	01	0800	0604	00	01	44	37	e644	0df3c0a8	002a0000	0000	0000	c0a8008f	00000000	0000	0000	0000	0000	00	00	00	00	00	00	PROBE
06:45:27887606 	ffffffffffff	4437e6440df3	0806	00	01	0800	0604	00	01	44	37	e644	0df3c0a8	002a0000	0000	0000	c0a8009a	00000000	0000	0000	0000	0000	00	00	00	00	00	00	PROBE
06:45:27887607 	ffffffffffff	4437e6440df3	0806	00	01	0800	0604	00	01	44	37	e644	0df3c0a8	002a0000	0000	0000	c0a80097	00000000	0000	0000	0000	0000	00	00	00	00	00	00	PROBE
06:45:27887607 	ffffffffffff	4437e6440df3	0806	00	01	0800	0604	00	01	44	37	e644	0df3c0a8	002a0000	0000	0000	c0a8009b	00000000	0000	0000	0000	0000	00	00	00	00	00	00	PROBE
06:45:27887608 	ffffffffffff	4437e6440df3	0806	00	01	0800	0604	00	01	44	37	e644	0df3c0a8	002a0000	0000	0000	c0a80095	00000000	0000	0000	0000	0000	00	00	00	00	00	00	PROBE
06:45:27887608 	ffffffffffff	4437e6440df3	0806	00	01	0800	0604	00	01	44	37	e644	0df3c0a8	002a0000	0000	0000	c0a80094	00000000	0000	0000	0000	0000	00	00	00	00	00	00	PROBE
06:45:27887609 	ffffffffffff	4437e6440df3	0806	00	01	0800	0604	00	01	44	37	e644	0df3c0a8	002a0000	0000	0000	c0a80092	00000000	0000	0000	0000	0000	00	00	00	00	00	00	PROBE
06:45:27887609 	ffffffffffff	4437e6440df3	0806	00	01	0800	0604	00	01	44	37	e644	0df3c0a8	002a0000	0000	0000	c0a80091	00000000	0000	0000	0000	0000	00	00	00	00	00	00	PROBE
06:45:27887611 	ffffffffffff	4437e6440df3	0806	00	01	0800	0604	00	01	44	37	e644	0df3c0a8	002a0000	0000	0000	c0a80090	00000000	0000	0000	0000	0000	00	00	00	00	00	00	PROBE
06:45:27887611 	ffffffffffff	4437e6440df3	0806	00	01	0800	0604	00	01	44	37	e644	0df3c0a8	002a0000	0000	0000	c0a8009f	00000000	0000	0000	0000	0000	00	00	00	00	00	00	PROBE
06:45:27887612 	ffffffffffff	4437e6440df3	0806	00	01	0800	0604	00	01	44	37	e644	0df3c0a8	002a0000	0000	0000	c0a800a0	00000000	0000	0000	0000	0000	00	00	00	00	00	00	PROBE
06:45:27887704 	ffffffffffff	4437e6440df3	0806	00	01	0800	0604	00	01	44	37	e644	0df3c0a8	002a0000	0000	0000	c0a8009e	00000000	0000	0000	0000	0000	00	00	00	00	00	00	PROBE
06:45:27887704 	ffffffffffff	4437e6440df3	0806	00	01	0800	0604	00	01	44	37	e644	0df3c0a8	002a0000	0000	0000	c0a80099	00000000	0000	0000	0000	0000	00	00	00	00	00	00	PROBE
06:45:27887705 	ffffffffffff	4437e6440df3	0806	00	01	0800	0604	00	01	44	37	e644	0df3c0a8	002a0000	0000	0000	c0a8009d	00000000	0000	0000	0000	0000	00	00	00	00	00	00	PROBE
06:45:27887705 	ffffffffffff	4437e6440df3	0806	00	01	0800	0604	00	01	44	37	e644	0df3c0a8	002a0000	0000	0000	c0a8009c	00000000	0000	0000	0000	0000	00	00	00	00	00	00	NORMAL
06:45:27887706 	ffffffffffff	4437e6440df3	0806	00	01	0800	0604	00	01	44	37	e644	0df3c0a8	002a0000	0000	0000	c0a800a1	00000000	0000	0000	0000	0000	00	00	00	00	00	00	NORMAL
06:45:27887707 	ffffffffffff	4437e6440df3	0806	00	01	0800	0604	00	01	44	37	e644	0df3c0a8	002a0000	0000	0000	c0a800a2	00000000	0000	0000	0000	0000	00	00	00	00	00	00	NORMAL
06:45:27887707 	ffffffffffff	4437e6440df3	0806	00	01	0800	0604	00	01	44	37	e644	0df3c0a8	002a0000	0000	0000	c0a8008e	00000000	0000	0000	0000	0000	00	00	00	00	00	00	PROBE
06:45:28208831 	333300010003	4437e6440dac	86dd	60	00	0000	0021	11	01	fe	80	0000	00000000	dda2c212	ed35	7e48	ff020000	00000000	0000	0000	0001	0003	ec	52	14	eb	00	21	3c	1b	9e	5f	00	00	00	01	00	00	00	00	00	00	07	63	6f	6d	70	31	32	35	00	00	01	00	01	PROBE
06:45:28209214 	01005e0000fc	4437e6440dac	0800	45	00	0035	4ccc	00	00	01	11	cb1c	c0a8002b	e00000fc	c84b	14eb	0021c70d	9e5f0000	0001	0000	0000	0000	07	63	6f	6d	70	31	32	35	00	00	01	00	01	PROBE
06:45:28309168 	333300010003	4437e6440dac	86dd	60	00	0000	0021	11	01	fe	80	0000	00000000	dda2c212	ed35	7e48	ff020000	00000000	0000	0000	0001	0003	ec	52	14	eb	00	21	3c	1b	9e	5f	00	00	00	01	00	00	00	00	00	00	07	63	6f	6d	70	31	32	35	00	00	01	00	01	PROBE
06:45:28309278 	01005e0000fc	4437e6440dac	0800	45	00	0035	4ccd	00	00	01	11	cb1b	c0a8002b	e00000fc	c84b	14eb	0021c70d	9e5f0000	0001	0000	0000	0000	07	63	6f	6d	70	31	32	35	00	00	01	00	01	PROBE
06:45:28509519 	ffffffffffff	4437e6440dac	0800	45	00	004e	4cce	00	00	80	11	6b56	c0a8002b	c0a800ff	0089	0089	003a83c5	9bb50110	0001	0000	0000	0000	20	45	44	45	50	45	4e	46	41	44	42	44	43	44	46	43	41	43	41	43	41	43	41	43	41	43	41	43	41	43	41	43	41	00	00	20	00	01	PROBE
06:45:28887534 	ffffffffffff	4437e6440df3	0806	00	01	0800	0604	00	01	44	37	e644	0df3c0a8	002a0000	0000	0000	c0a8007b	00000000	0000	0000	0000	0000	00	00	00	00	00	00	PROBE
06:45:28887536 	ffffffffffff	4437e6440df3	0806	00	01	0800	0604	00	01	44	37	e644	0df3c0a8	002a0000	0000	0000	c0a8007c	00000000	0000	0000	0000	0000	00	00	00	00	00	00	PROBE
06:45:28887537 	ffffffffffff	4437e6440df3	0806	00	01	0800	0604	00	01	44	37	e644	0df3c0a8	002a0000	0000	0000	c0a8007d	00000000	0000	0000	0000	0000	00	00	00	00	00	00	PROBE
06:45:28887537 	ffffffffffff	4437e6440df3	0806	00	01	0800	0604	00	01	44	37	e644	0df3c0a8	002a0000	0000	0000	c0a8007e	00000000	0000	0000	0000	0000	00	00	00	00	00	00	PROBE
06:45:28887538 	ffffffffffff	4437e6440df3	0806	00	01	0800	0604	00	01	44	37	e644	0df3c0a8	002a0000	0000	0000	c0a8007f	00000000	0000	0000	0000	0000	00	00	00	00	00	00	PROBE
06:45:28887538 	ffffffffffff	4437e6440df3	0806	00	01	0800	0604	00	01	44	37	e644	0df3c0a8	002a0000	0000	0000	c0a80080	00000000	0000	0000	0000	0000	00	00	00	00	00	00	PROBE
06:45:28887539 	ffffffffffff	4437e6440df3	0806	00	01	0800	0604	00	01	44	37	e644	0df3c0a8	002a0000	0000	0000	c0a80086	00000000	0000	0000	0000	0000	00	00	00	00	00	00	PROBE
06:45:28887540 	ffffffffffff	4437e6440df3	0806	00	01	0800	0604	00	01	44	37	e644	0df3c0a8	002a0000	0000	0000	c0a80082	00000000	0000	0000	0000	0000	00	00	00	00	00	00	PROBE
06:45:28887540 	ffffffffffff	4437e6440df3	0806	00	01	0800	0604	00	01	44	37	e644	0df3c0a8	002a0000	0000	0000	c0a80083	00000000	0000	0000	0000	0000	00	00	00	00	00	00	PROBE
06:45:28887541 	ffffffffffff	4437e6440df3	0806	00	01	0800	0604	00	01	44	37	e644	0df3c0a8	002a0000	0000	0000	c0a80081	00000000	0000	0000	0000	0000	00	00	00	00	00	00	PROBE
06:45:28887542 	ffffffffffff	4437e6440df3	0806	00	01	0800	0604	00	01	44	37	e644	0df3c0a8	002a0000	0000	0000	c0a80085	00000000	0000	0000	0000	0000	00	00	00	00	00	00	PROBE
06:45:28887617 	ffffffffffff	4437e6440df3	0806	00	01	0800	0604	00	01	44	37	e644	0df3c0a8	002a0000	0000	0000	c0a80084	00000000	0000	0000	0000	0000	00	00	00	00	00	00	PROBE
06:45:28887619 	ffffffffffff	4437e6440df3	0806	00	01	0800	0604	00	01	44	37	e644	0df3c0a8	002a0000	0000	0000	c0a80087	00000000	0000	0000	0000	0000	00	00	00	00	00	00	PROBE
06:45:28887620 	ffffffffffff	4437e6440df3	0806	00	01	0800	0604	00	01	44	37	e644	0df3c0a8	002a0000	0000	0000	c0a80096	00000000	0000	0000	0000	0000	00	00	00	00	00	00	PROBE
06:45:28887620 	ffffffffffff	4437e6440df3	0806	00	01	0800	0604	00	01	44	37	e644	0df3c0a8	002a0000	0000	0000	c0a80089	00000000	0000	0000	0000	0000	00	00	00	00	00	00	PROBE
06:45:28887621 	ffffffffffff	4437e6440df3	0806	00	01	0800	0604	00	01	44	37	e644	0df3c0a8	002a0000	0000	0000	c0a80088	00000000	0000	0000	0000	0000	00	00	00	00	00	00	PROBE
06:45:28887621 	ffffffffffff	4437e6440df3	0806	00	01	0800	0604	00	01	44	37	e644	0df3c0a8	002a0000	0000	0000	c0a8008a	00000000	0000	0000	0000	0000	00	00	00	00	00	00	PROBE
06:45:28887622 	ffffffffffff	4437e6440df3	0806	00	01	0800	0604	00	01	44	37	e644	0df3c0a8	002a0000	0000	0000	c0a80098	00000000	0000	0000	0000	0000	00	00	00	00	00	00	PROBE
06:45:28887622 	ffffffffffff	4437e6440df3	0806	00	01	0800	0604	00	01	44	37	e644	0df3c0a8	002a0000	0000	0000	c0a80093	00000000	0000	0000	0000	0000	00	00	00	00	00	00	PROBE
06:45:28887623 	ffffffffffff	4437e6440df3	0806	00	01	0800	0604	00	01	44	37	e644	0df3c0a8	002a0000	0000	0000	c0a8008b	00000000	0000	0000	0000	0000	00	00	00	00	00	00	PROBE
06:45:28887624 	ffffffffffff	4437e6440df3	0806	00	01	0800	0604	00	01	44	37	e644	0df3c0a8	002a0000	0000	0000	c0a8008c	00000000	0000	0000	0000	0000	00	00	00	00	00	00	PROBE
06:45:28887624 	ffffffffffff	4437e6440df3	0806	00	01	0800	0604	00	01	44	37	e644	0df3c0a8	002a0000	0000	0000	c0a8008d	00000000	0000	0000	0000	0000	00	00	00	00	00	00	PROBE
06:45:28887625 	ffffffffffff	4437e6440df3	0806	00	01	0800	0604	00	01	44	37	e644	0df3c0a8	002a0000	0000	0000	c0a8008f	00000000	0000	0000	0000	0000	00	00	00	00	00	00	PROBE
06:45:28887625 	ffffffffffff	4437e6440df3	0806	00	01	0800	0604	00	01	44	37	e644	0df3c0a8	002a0000	0000	0000	c0a8009a	00000000	0000	0000	0000	0000	00	00	00	00	00	00	PROBE
06:45:28887626 	ffffffffffff	4437e6440df3	0806	00	01	0800	0604	00	01	44	37	e644	0df3c0a8	002a0000	0000	0000	c0a80097	00000000	0000	0000	0000	0000	00	00	00	00	00	00	PROBE
06:45:28887626 	ffffffffffff	4437e6440df3	0806	00	01	0800	0604	00	01	44	37	e644	0df3c0a8	002a0000	0000	0000	c0a8009b	00000000	0000	0000	0000	0000	00	00	00	00	00	00	PROBE
06:45:28887627 	ffffffffffff	4437e6440df3	0806	00	01	0800	0604	00	01	44	37	e644	0df3c0a8	002a0000	0000	0000	c0a80095	00000000	0000	0000	0000	0000	00	00	00	00	00	00	PROBE
06:45:28887627 	ffffffffffff	4437e6440df3	0806	00	01	0800	0604	00	01	44	37	e644	0df3c0a8	002a0000	0000	0000	c0a80094	00000000	0000	0000	0000	0000	00	00	00	00	00	00	PROBE
06:45:28887628 	ffffffffffff	4437e6440df3	0806	00	01	0800	0604	00	01	44	37	e644	0df3c0a8	002a0000	0000	0000	c0a80092	00000000	0000	0000	0000	0000	00	00	00	00	00	00	PROBE
06:45:28887629 	ffffffffffff	4437e6440df3	0806	00	01	0800	0604	00	01	44	37	e644	0df3c0a8	002a0000	0000	0000	c0a80091	00000000	0000	0000	0000	0000	00	00	00	00	00	00	PROBE
06:45:28887629 	ffffffffffff	4437e6440df3	0806	00	01	0800	0604	00	01	44	37	e644	0df3c0a8	002a0000	0000	0000	c0a80090	00000000	0000	0000	0000	0000	00	00	00	00	00	00	PROBE
06:45:28887630 	ffffffffffff	4437e6440df3	0806	00	01	0800	0604	00	01	44	37	e644	0df3c0a8	002a0000	0000	0000	c0a8009f	00000000	0000	0000	0000	0000	00	00	00	00	00	00	PROBE
06:45:28887631 	ffffffffffff	4437e6440df3	0806	00	01	0800	0604	00	01	44	37	e644	0df3c0a8	002a0000	0000	0000	c0a800a0	00000000	0000	0000	0000	0000	00	00	00	00	00	00	PROBE
06:45:28887631 	ffffffffffff	4437e6440df3	0806	00	01	0800	0604	00	01	44	37	e644	0df3c0a8	002a0000	0000	0000	c0a8009e	00000000	0000	0000	0000	0000	00	00	00	00	00	00	PROBE
06:45:28887632 	ffffffffffff	4437e6440df3	0806	00	01	0800	0604	00	01	44	37	e644	0df3c0a8	002a0000	0000	0000	c0a80099	00000000	0000	0000	0000	0000	00	00	00	00	00	00	PROBE
06:45:28887725 	ffffffffffff	4437e6440df3	0806	00	01	0800	0604	00	01	44	37	e644	0df3c0a8	002a0000	0000	0000	c0a8009d	00000000	0000	0000	0000	0000	00	00	00	00	00	00	PROBE
06:45:28887726 	ffffffffffff	4437e6440df3	0806	00	01	0800	0604	00	01	44	37	e644	0df3c0a8	002a0000	0000	0000	c0a8009c	00000000	0000	0000	0000	0000	00	00	00	00	00	00	PROBE
06:45:28887726 	ffffffffffff	4437e6440df3	0806	00	01	0800	0604	00	01	44	37	e644	0df3c0a8	002a0000	0000	0000	c0a800a1	00000000	0000	0000	0000	0000	00	00	00	00	00	00	PROBE
06:45:28887727 	ffffffffffff	4437e6440df3	0806	00	01	0800	0604	00	01	44	37	e644	0df3c0a8	002a0000	0000	0000	c0a800a2	00000000	0000	0000	0000	0000	00	00	00	00	00	00	PROBE
06:45:28887728 	ffffffffffff	4437e6440df3	0806	00	01	0800	0604	00	01	44	37	e644	0df3c0a8	002a0000	0000	0000	c0a8008e	00000000	0000	0000	0000	0000	00	00	00	00	00	00	PROBE
06:45:28912060 	ffffffffffff	4437e6440df3	0806	00	01	0800	0604	00	01	44	37	e644	0df3c0a8	002a0000	0000	0000	c0a800a3	00000000	0000	0000	0000	0000	00	00	00	00	00	00	PROBE
06:45:28914310 	ffffffffffff	4437e6440df3	0806	00	01	0800	0604	00	01	44	37	e644	0df3c0a8	002a0000	0000	0000	c0a800a4	00000000	0000	0000	0000	0000	00	00	00	00	00	00	PROBE
06:45:28914648 	ffffffffffff	4437e6440df3	0806	00	01	0800	0604	00	01	44	37	e644	0df3c0a8	002a0000	0000	0000	c0a800a7	00000000	0000	0000	0000	0000	00	00	00	00	00	00	PROBE
06:45:28914968 	ffffffffffff	4437e6440df3	0806	00	01	0800	0604	00	01	44	37	e644	0df3c0a8	002a0000	0000	0000	c0a800a5	00000000	0000	0000	0000	0000	00	00	00	00	00	00	PROBE
06:45:28915124 	ffffffffffff	4437e6440df3	0806	00	01	0800	0604	00	01	44	37	e644	0df3c0a8	002a0000	0000	0000	c0a800a6	00000000	0000	0000	0000	0000	00	00	00	00	00	00	PROBE
06:45:28915865 	ffffffffffff	4437e6440df3	0806	00	01	0800	0604	00	01	44	37	e644	0df3c0a8	002a0000	0000	0000	c0a800a9	00000000	0000	0000	0000	0000	00	00	00	00	00	00	PROBE
06:45:28916041 	ffffffffffff	4437e6440df3	0806	00	01	0800	0604	00	01	44	37	e644	0df3c0a8	002a0000	0000	0000	c0a800a8	00000000	0000	0000	0000	0000	00	00	00	00	00	00	PROBE
06:45:28916313 	ffffffffffff	4437e6440df3	0806	00	01	0800	0604	00	01	44	37	e644	0df3c0a8	002a0000	0000	0000	c0a800ab	00000000	0000	0000	0000	0000	00	00	00	00	00	00	PROBE
06:45:28916314 	ffffffffffff	4437e6440df3	0806	00	01	0800	0604	00	01	44	37	e644	0df3c0a8	002a0000	0000	0000	c0a800b2	00000000	0000	0000	0000	0000	00	00	00	00	00	00	PROBE
06:45:28916466 	ffffffffffff	4437e6440df3	0806	00	01	0800	0604	00	01	44	37	e644	0df3c0a8	002a0000	0000	0000	c0a800ac	00000000	0000	0000	0000	0000	00	00	00	00	00	00	PROBE
06:45:28916467 	ffffffffffff	4437e6440df3	0806	00	01	0800	0604	00	01	44	37	e644	0df3c0a8	002a0000	0000	0000	c0a800ad	00000000	0000	0000	0000	0000	00	00	00	00	00	00	PROBE
06:45:28916467 	ffffffffffff	4437e6440df3	0806	00	01	0800	0604	00	01	44	37	e644	0df3c0a8	002a0000	0000	0000	c0a800b0	00000000	0000	0000	0000	0000	00	00	00	00	00	00	PROBE
06:45:28916676 	ffffffffffff	4437e6440df3	0806	00	01	0800	0604	00	01	44	37	e644	0df3c0a8	002a0000	0000	0000	c0a800b3	00000000	0000	0000	0000	0000	00	00	00	00	00	00	PROBE
06:45:28916677 	ffffffffffff	4437e6440df3	0806	00	01	0800	0604	00	01	44	37	e644	0df3c0a8	002a0000	0000	0000	c0a800af	00000000	0000	0000	0000	0000	00	00	00	00	00	00	PROBE
06:45:28916677 	ffffffffffff	4437e6440df3	0806	00	01	0800	0604	00	01	44	37	e644	0df3c0a8	002a0000	0000	0000	c0a800b4	00000000	0000	0000	0000	0000	00	00	00	00	00	00	PROBE
06:45:28916678 	ffffffffffff	4437e6440df3	0806	00	01	0800	0604	00	01	44	37	e644	0df3c0a8	002a0000	0000	0000	c0a800b1	00000000	0000	0000	0000	0000	00	00	00	00	00	00	PROBE
06:45:28916906 	ffffffffffff	4437e6440df3	0806	00	01	0800	0604	00	01	44	37	e644	0df3c0a8	002a0000	0000	0000	c0a800b5	00000000	0000	0000	0000	0000	00	00	00	00	00	00	PROBE
06:45:28916907 	ffffffffffff	4437e6440df3	0806	00	01	0800	0604	00	01	44	37	e644	0df3c0a8	002a0000	0000	0000	c0a800b6	00000000	0000	0000	0000	0000	00	00	00	00	00	00	PROBE
06:45:28917106 	ffffffffffff	4437e6440df3	0806	00	01	0800	0604	00	01	44	37	e644	0df3c0a8	002a0000	0000	0000	c0a800b7	00000000	0000	0000	0000	0000	00	00	00	00	00	00	PROBE
06:45:28917107 	ffffffffffff	4437e6440df3	0806	00	01	0800	0604	00	01	44	37	e644	0df3c0a8	002a0000	0000	0000	c0a800ae	00000000	0000	0000	0000	0000	00	00	00	00	00	00	PROBE
06:45:28917306 	ffffffffffff	4437e6440df3	0806	00	01	0800	0604	00	01	44	37	e644	0df3c0a8	002a0000	0000	0000	c0a800aa	00000000	0000	0000	0000	0000	00	00	00	00	00	00	PROBE
06:45:28931189 	ffffffffffff	4437e6440df3	0806	00	01	0800	0604	00	01	44	37	e644	0df3c0a8	002a0000	0000	0000	c0a800ba	00000000	0000	0000	0000	0000	00	00	00	00	00	00	PROBE
06:45:28931190 	ffffffffffff	4437e6440df3	0806	00	01	0800	0604	00	01	44	37	e644	0df3c0a8	002a0000	0000	0000	c0a800bc	00000000	0000	0000	0000	0000	00	00	00	00	00	00	PROBE
06:45:28931190 	ffffffffffff	4437e6440df3	0806	00	01	0800	0604	00	01	44	37	e644	0df3c0a8	002a0000	0000	0000	c0a800bb	00000000	0000	0000	0000	0000	00	00	00	00	00	00	PROBE
06:45:28931343 	ffffffffffff	4437e6440df3	0806	00	01	0800	0604	00	01	44	37	e644	0df3c0a8	002a0000	0000	0000	c0a800bf	00000000	0000	0000	0000	0000	00	00	00	00	00	00	PROBE
06:45:28931345 	ffffffffffff	4437e6440df3	0806	00	01	0800	0604	00	01	44	37	e644	0df3c0a8	002a0000	0000	0000	c0a800be	00000000	0000	0000	0000	0000	00	00	00	00	00	00	PROBE
06:45:28931345 	ffffffffffff	4437e6440df3	0806	00	01	0800	0604	00	01	44	37	e644	0df3c0a8	002a0000	0000	0000	c0a800b8	00000000	0000	0000	0000	0000	00	00	00	00	00	00	PROBE
06:45:28931346 	ffffffffffff	4437e6440df3	0806	00	01	0800	0604	00	01	44	37	e644	0df3c0a8	002a0000	0000	0000	c0a800bd	00000000	0000	0000	0000	0000	00	00	00	00	00	00	PROBE
06:45:28931479 	ffffffffffff	4437e6440df3	0806	00	01	0800	0604	00	01	44	37	e644	0df3c0a8	002a0000	0000	0000	c0a800c0	00000000	0000	0000	0000	0000	00	00	00	00	00	00	PROBE
06:45:28931479 	ffffffffffff	4437e6440df3	0806	00	01	0800	0604	00	01	44	37	e644	0df3c0a8	002a0000	0000	0000	c0a800c1	00000000	0000	0000	0000	0000	00	00	00	00	00	00	PROBE
06:45:28931480 	ffffffffffff	4437e6440df3	0806	00	01	0800	0604	00	01	44	37	e644	0df3c0a8	002a0000	0000	0000	c0a800c2	00000000	0000	0000	0000	0000	00	00	00	00	00	00	PROBE
06:45:28931480 	ffffffffffff	4437e6440df3	0806	00	01	0800	0604	00	01	44	37	e644	0df3c0a8	002a0000	0000	0000	c0a800c3	00000000	0000	0000	0000	0000	00	00	00	00	00	00	PROBE
06:45:28931481 	ffffffffffff	4437e6440df3	0806	00	01	0800	0604	00	01	44	37	e644	0df3c0a8	002a0000	0000	0000	c0a800b9	00000000	0000	0000	0000	0000	00	00	00	00	00	00	PROBE
06:45:28936231 	ffffffffffff	4437e6440df3	0806	00	01	0800	0604	00	01	44	37	e644	0df3c0a8	002a0000	0000	0000	c0a800c7	00000000	0000	0000	0000	0000	00	00	00	00	00	00	PROBE
06:45:28936232 	ffffffffffff	4437e6440df3	0806	00	01	0800	0604	00	01	44	37	e644	0df3c0a8	002a0000	0000	0000	c0a800c9	00000000	0000	0000	0000	0000	00	00	00	00	00	00	PROBE
06:45:28936233 	ffffffffffff	4437e6440df3	0806	00	01	0800	0604	00	01	44	37	e644	0df3c0a8	002a0000	0000	0000	c0a800c8	00000000	0000	0000	0000	0000	00	00	00	00	00	00	NORMAL
06:45:28936389 	ffffffffffff	4437e6440df3	0806	00	01	0800	0604	00	01	44	37	e644	0df3c0a8	002a0000	0000	0000	c0a800c6	00000000	0000	0000	0000	0000	00	00	00	00	00	00	PROBE
06:45:28936390 	ffffffffffff	4437e6440df3	0806	00	01	0800	0604	00	01	44	37	e644	0df3c0a8	002a0000	0000	0000	c0a800c4	00000000	0000	0000	0000	0000	00	00	00	00	00	00	PROBE
06:45:28936391 	ffffffffffff	4437e6440df3	0806	00	01	0800	0604	00	01	44	37	e644	0df3c0a8	002a0000	0000	0000	c0a800c5	00000000	0000	0000	0000	0000	00	00	00	00	00	00	PROBE
06:45:28936545 	ffffffffffff	4437e6440df3	0806	00	01	0800	0604	00	01	44	37	e644	0df3c0a8	002a0000	0000	0000	c0a800ca	00000000	0000	0000	0000	0000	00	00	00	00	00	00	PROBE
06:45:29259120 	ffffffffffff	4437e6440dac	0800	45	00	004e	4ccf	00	00	80	11	6b55	c0a8002b	c0a800ff	0089	0089	003a83c5	9bb50110	0001	0000	0000	0000	20	45	44	45	50	45	4e	46	41	44	42	44	43	44	46	43	41	43	41	43	41	43	41	43	41	43	41	43	41	43	41	43	41	00	00	20	00	01	PROBE
06:45:29887624 	ffffffffffff	4437e6440df3	0806	00	01	0800	0604	00	01	44	37	e644	0df3c0a8	002a0000	0000	0000	c0a800a3	00000000	0000	0000	0000	0000	00	00	00	00	00	00	PROBE
06:45:29887626 	ffffffffffff	4437e6440df3	0806	00	01	0800	0604	00	01	44	37	e644	0df3c0a8	002a0000	0000	0000	c0a800a4	00000000	0000	0000	0000	0000	00	00	00	00	00	00	PROBE
06:45:29887626 	ffffffffffff	4437e6440df3	0806	00	01	0800	0604	00	01	44	37	e644	0df3c0a8	002a0000	0000	0000	c0a800a7	00000000	0000	0000	0000	0000	00	00	00	00	00	00	PROBE
06:45:29887627 	ffffffffffff	4437e6440df3	0806	00	01	0800	0604	00	01	44	37	e644	0df3c0a8	002a0000	0000	0000	c0a800a5	00000000	0000	0000	0000	0000	00	00	00	00	00	00	PROBE
06:45:29887628 	ffffffffffff	4437e6440df3	0806	00	01	0800	0604	00	01	44	37	e644	0df3c0a8	002a0000	0000	0000	c0a800a6	00000000	0000	0000	0000	0000	00	00	00	00	00	00	PROBE
06:45:29887628 	ffffffffffff	4437e6440df3	0806	00	01	0800	0604	00	01	44	37	e644	0df3c0a8	002a0000	0000	0000	c0a800a9	00000000	0000	0000	0000	0000	00	00	00	00	00	00	PROBE
06:45:29887629 	ffffffffffff	4437e6440df3	0806	00	01	0800	0604	00	01	44	37	e644	0df3c0a8	002a0000	0000	0000	c0a800a8	00000000	0000	0000	0000	0000	00	00	00	00	00	00	PROBE
06:45:29887629 	ffffffffffff	4437e6440df3	0806	00	01	0800	0604	00	01	44	37	e644	0df3c0a8	002a0000	0000	0000	c0a800ab	00000000	0000	0000	0000	0000	00	00	00	00	00	00	PROBE
06:45:29887630 	ffffffffffff	4437e6440df3	0806	00	01	0800	0604	00	01	44	37	e644	0df3c0a8	002a0000	0000	0000	c0a800b2	00000000	0000	0000	0000	0000	00	00	00	00	00	00	PROBE
06:45:29887631 	ffffffffffff	4437e6440df3	0806	00	01	0800	0604	00	01	44	37	e644	0df3c0a8	002a0000	0000	0000	c0a800ac	00000000	0000	0000	0000	0000	00	00	00	00	00	00	PROBE
06:45:29887632 	ffffffffffff	4437e6440df3	0806	00	01	0800	0604	00	01	44	37	e644	0df3c0a8	002a0000	0000	0000	c0a800ad	00000000	0000	0000	0000	0000	00	00	00	00	00	00	PROBE
06:45:29887712 	ffffffffffff	4437e6440df3	0806	00	01	0800	0604	00	01	44	37	e644	0df3c0a8	002a0000	0000	0000	c0a800b0	00000000	0000	0000	0000	0000	00	00	00	00	00	00	PROBE
06:45:29887713 	ffffffffffff	4437e6440df3	0806	00	01	0800	0604	00	01	44	37	e644	0df3c0a8	002a0000	0000	0000	c0a800b3	00000000	0000	0000	0000	0000	00	00	00	00	00	00	PROBE
06:45:29887714 	ffffffffffff	4437e6440df3	0806	00	01	0800	0604	00	01	44	37	e644	0df3c0a8	002a0000	0000	0000	c0a800af	00000000	0000	0000	0000	0000	00	00	00	00	00	00	PROBE
06:45:29887715 	ffffffffffff	4437e6440df3	0806	00	01	0800	0604	00	01	44	37	e644	0df3c0a8	002a0000	0000	0000	c0a800b4	00000000	0000	0000	0000	0000	00	00	00	00	00	00	PROBE
06:45:29887715 	ffffffffffff	4437e6440df3	0806	00	01	0800	0604	00	01	44	37	e644	0df3c0a8	002a0000	0000	0000	c0a800b1	00000000	0000	0000	0000	0000	00	00	00	00	00	00	PROBE
06:45:29887716 	ffffffffffff	4437e6440df3	0806	00	01	0800	0604	00	01	44	37	e644	0df3c0a8	002a0000	0000	0000	c0a800b5	00000000	0000	0000	0000	0000	00	00	00	00	00	00	PROBE
06:45:29887716 	ffffffffffff	4437e6440df3	0806	00	01	0800	0604	00	01	44	37	e644	0df3c0a8	002a0000	0000	0000	c0a800b6	00000000	0000	0000	0000	0000	00	00	00	00	00	00	PROBE
06:45:29887717 	ffffffffffff	4437e6440df3	0806	00	01	0800	0604	00	01	44	37	e644	0df3c0a8	002a0000	0000	0000	c0a800b7	00000000	0000	0000	0000	0000	00	00	00	00	00	00	PROBE
06:45:29887717 	ffffffffffff	4437e6440df3	0806	00	01	0800	0604	00	01	44	37	e644	0df3c0a8	002a0000	0000	0000	c0a800ae	00000000	0000	0000	0000	0000	00	00	00	00	00	00	PROBE
06:45:29887718 	ffffffffffff	4437e6440df3	0806	00	01	0800	0604	00	01	44	37	e644	0df3c0a8	002a0000	0000	0000	c0a800aa	00000000	0000	0000	0000	0000	00	00	00	00	00	00	PROBE
06:45:29887719 	ffffffffffff	4437e6440df3	0806	00	01	0800	0604	00	01	44	37	e644	0df3c0a8	002a0000	0000	0000	c0a800ba	00000000	0000	0000	0000	0000	00	00	00	00	00	00	PROBE
06:45:29887719 	ffffffffffff	4437e6440df3	0806	00	01	0800	0604	00	01	44	37	e644	0df3c0a8	002a0000	0000	0000	c0a800bc	00000000	0000	0000	0000	0000	00	00	00	00	00	00	PROBE
06:45:29887720 	ffffffffffff	4437e6440df3	0806	00	01	0800	0604	00	01	44	37	e644	0df3c0a8	002a0000	0000	0000	c0a800bb	00000000	0000	0000	0000	0000	00	00	00	00	00	00	PROBE
06:45:29887720 	ffffffffffff	4437e6440df3	0806	00	01	0800	0604	00	01	44	37	e644	0df3c0a8	002a0000	0000	0000	c0a800bf	00000000	0000	0000	0000	0000	00	00	00	00	00	00	PROBE
06:45:29887721 	ffffffffffff	4437e6440df3	0806	00	01	0800	0604	00	01	44	37	e644	0df3c0a8	002a0000	0000	0000	c0a800be	00000000	0000	0000	0000	0000	00	00	00	00	00	00	PROBE
06:45:29887722 	ffffffffffff	4437e6440df3	0806	00	01	0800	0604	00	01	44	37	e644	0df3c0a8	002a0000	0000	0000	c0a800b8	00000000	0000	0000	0000	0000	00	00	00	00	00	00	PROBE
06:45:29887722 	ffffffffffff	4437e6440df3	0806	00	01	0800	0604	00	01	44	37	e644	0df3c0a8	002a0000	0000	0000	c0a800bd	00000000	0000	0000	0000	0000	00	00	00	00	00	00	PROBE
06:45:29887723 	ffffffffffff	4437e6440df3	0806	00	01	0800	0604	00	01	44	37	e644	0df3c0a8	002a0000	0000	0000	c0a800c0	00000000	0000	0000	0000	0000	00	00	00	00	00	00	PROBE
06:45:29887723 	ffffffffffff	4437e6440df3	0806	00	01	0800	0604	00	01	44	37	e644	0df3c0a8	002a0000	0000	0000	c0a800c1	00000000	0000	0000	0000	0000	00	00	00	00	00	00	PROBE
06:45:29887724 	ffffffffffff	4437e6440df3	0806	00	01	0800	0604	00	01	44	37	e644	0df3c0a8	002a0000	0000	0000	c0a800c2	00000000	0000	0000	0000	0000	00	00	00	00	00	00	PROBE
06:45:29887724 	ffffffffffff	4437e6440df3	0806	00	01	0800	0604	00	01	44	37	e644	0df3c0a8	002a0000	0000	0000	c0a800c3	00000000	0000	0000	0000	0000	00	00	00	00	00	00	PROBE
06:45:29887725 	ffffffffffff	4437e6440df3	0806	00	01	0800	0604	00	01	44	37	e644	0df3c0a8	002a0000	0000	0000	c0a800b9	00000000	0000	0000	0000	0000	00	00	00	00	00	00	PROBE
06:45:29887725 	ffffffffffff	4437e6440df3	0806	00	01	0800	0604	00	01	44	37	e644	0df3c0a8	002a0000	0000	0000	c0a800c7	00000000	0000	0000	0000	0000	00	00	00	00	00	00	PROBE
06:45:29887726 	ffffffffffff	4437e6440df3	0806	00	01	0800	0604	00	01	44	37	e644	0df3c0a8	002a0000	0000	0000	c0a800c9	00000000	0000	0000	0000	0000	00	00	00	00	00	00	PROBE
06:45:29887726 	ffffffffffff	4437e6440df3	0806	00	01	0800	0604	00	01	44	37	e644	0df3c0a8	002a0000	0000	0000	c0a800c8	00000000	0000	0000	0000	0000	00	00	00	00	00	00	PROBE
06:45:29887814 	ffffffffffff	4437e6440df3	0806	00	01	0800	0604	00	01	44	37	e644	0df3c0a8	002a0000	0000	0000	c0a800c6	00000000	0000	0000	0000	0000	00	00	00	00	00	00	PROBE
06:45:29887814 	ffffffffffff	4437e6440df3	0806	00	01	0800	0604	00	01	44	37	e644	0df3c0a8	002a0000	0000	0000	c0a800c4	00000000	0000	0000	0000	0000	00	00	00	00	00	00	PROBE
06:45:29887815 	ffffffffffff	4437e6440df3	0806	00	01	0800	0604	00	01	44	37	e644	0df3c0a8	002a0000	0000	0000	c0a800c5	00000000	0000	0000	0000	0000	00	00	00	00	00	00	PROBE
06:45:29887816 	ffffffffffff	4437e6440df3	0806	00	01	0800	0604	00	01	44	37	e644	0df3c0a8	002a0000	0000	0000	c0a800ca	00000000	0000	0000	0000	0000	00	00	00	00	00	00	PROBE
06:45:29979393 	ffffffffffff	4437e6440df3	0806	00	01	0800	0604	00	01	44	37	e644	0df3c0a8	002a0000	0000	0000	c0a80001	00000000	0000	0000	0000	0000	00	00	00	00	00	00	PROBE
06:45:30009150 	ffffffffffff	4437e6440dac	0800	45	00	004e	4cd0	00	00	80	11	6b54	c0a8002b	c0a800ff	0089	0089	003a83c5	9bb50110	0001	0000	0000	0000	20	45	44	45	50	45	4e	46	41	44	42	44	43	44	46	43	41	43	41	43	41	43	41	43	41	43	41	43	41	43	41	43	41	00	00	20	00	01	NORMAL
