03:36:57798695 	ffffffffffff	4437e6446377	0806	00	01	0800	0604	00	01	44	37	e644	6377c0a8	001e0000	0000	0000	c0a80001	00000000	0000	0000	0000	0000	00	00	00	00	00	00	PROBE
03:36:57832794 	4437e6440c9e	4437e6446377	0800	45	00	003c	3442	00	00	80	01	84f1	c0a8001e	c0a8001f	0800	e1e3	00010005	61616161	6161	6161	6161	6161	61	61	61	61	61	61	61	61	61	61	61	61	61	61	61	61	61	61	61	61	PROBE
03:36:57832876 	4437e6446377	4437e6440c9e	0800	45	00	003c	4015	00	00	80	01	791e	c0a8001f	c0a8001e	0000	e9e3	00010005	61616161	6161	6161	6161	6161	61	61	61	61	61	61	61	61	61	61	61	61	61	61	61	61	61	61	61	61	NORMAL
03:36:58374413 	ffffffffffff	4437e6440c9e	0800	45	00	004e	4016	00	00	80	11	781a	c0a8001f	c0a800ff	0089	0089	003a421b	f86f0110	0001	0000	0000	0000	20	46	48	46	41	45	42	45	45	43	41	43	41	43	41	43	41	43	41	43	41	43	41	43	41	43	41	43	41	43	41	41	41	00	00	20	00	01	NORMAL
03:36:58412583 	ffffffffffff	4437e6446377	0806	00	01	0800	0604	00	01	44	37	e644	6377c0a8	001e0000	0000	0000	c0a80001	00000000	0000	0000	0000	0000	00	00	00	00	00	00	PROBE
03:36:58833886 	4437e6440c9e	4437e6446377	0800	45	00	003c	3443	00	00	80	01	84f0	c0a8001e	c0a8001f	0800	e1e2	00010006	61616161	6161	6161	6161	6161	61	61	61	61	61	61	61	61	61	61	61	61	61	61	61	61	61	61	61	61	PROBE
03:36:58833966 	4437e6446377	4437e6440c9e	0800	45	00	003c	4017	00	00	80	01	791c	c0a8001f	c0a8001e	0000	e9e2	00010006	61616161	6161	6161	6161	6161	61	61	61	61	61	61	61	61	61	61	61	61	61	61	61	61	61	61	61	61	NORMAL
03:36:59124453 	ffffffffffff	4437e6440c9e	0800	45	00	004e	4018	00	00	80	11	7818	c0a8001f	c0a800ff	0089	0089	003a421b	f86f0110	0001	0000	0000	0000	20	46	48	46	41	45	42	45	45	43	41	43	41	43	41	43	41	43	41	43	41	43	41	43	41	43	41	43	41	43	41	41	41	00	00	20	00	01	NORMAL
03:36:59412640 	ffffffffffff	4437e6446377	0806	00	01	0800	0604	00	01	44	37	e644	6377c0a8	001e0000	0000	0000	c0a80001	00000000	0000	0000	0000	0000	00	00	00	00	00	00	PROBE
03:36:59834891 	4437e6440c9e	4437e6446377	0800	45	00	003c	3445	00	00	80	01	84ee	c0a8001e	c0a8001f	0800	e1e1	00010007	61616161	6161	6161	6161	6161	61	61	61	61	61	61	61	61	61	61	61	61	61	61	61	61	61	61	61	61	PROBE
03:36:59834975 	4437e6446377	4437e6440c9e	0800	45	00	003c	4019	00	00	80	01	791a	c0a8001f	c0a8001e	0000	e9e1	00010007	61616161	6161	6161	6161	6161	61	61	61	61	61	61	61	61	61	61	61	61	61	61	61	61	61	61	61	61	NORMAL
03:37:00835974 	4437e6440c9e	4437e6446377	0800	45	00	003c	3447	00	00	80	01	84ec	c0a8001e	c0a8001f	0800	e1e0	00010008	61616161	6161	6161	6161	6161	61	61	61	61	61	61	61	61	61	61	61	61	61	61	61	61	61	61	61	61	PROBE
03:37:00836054 	4437e6446377	4437e6440c9e	0800	45	00	003c	401b	00	00	80	01	7918	c0a8001f	c0a8001e	0000	e9e0	00010008	61616161	6161	6161	6161	6161	61	61	61	61	61	61	61	61	61	61	61	61	61	61	61	61	61	61	61	61	NORMAL
03:37:01798852 	ffffffffffff	4437e6446377	0806	00	01	0800	0604	00	01	44	37	e644	6377c0a8	001e0000	0000	0000	c0a80001	00000000	0000	0000	0000	0000	00	00	00	00	00	00	PROBE
03:37:01836987 	4437e6440c9e	4437e6446377	0800	45	00	003c	3449	00	00	80	01	84ea	c0a8001e	c0a8001f	0800	e1df	00010009	61616161	6161	6161	6161	6161	61	61	61	61	61	61	61	61	61	61	61	61	61	61	61	61	61	61	61	61	PROBE
03:37:01837062 	4437e6446377	4437e6440c9e	0800	45	00	003c	401d	00	00	80	01	7916	c0a8001f	c0a8001e	0000	e9df	00010009	61616161	6161	6161	6161	6161	61	61	61	61	61	61	61	61	61	61	61	61	61	61	61	61	61	61	61	61	NORMAL
03:37:02412766 	ffffffffffff	4437e6446377	0806	00	01	0800	0604	00	01	44	37	e644	6377c0a8	001e0000	0000	0000	c0a80001	00000000	0000	0000	0000	0000	00	00	00	00	00	00	PROBE
03:37:02838094 	4437e6440c9e	4437e6446377	0800	45	00	003c	344a	00	00	80	01	84e9	c0a8001e	c0a8001f	0800	e1de	0001000a	61616161	6161	6161	6161	6161	61	61	61	61	61	61	61	61	61	61	61	61	61	61	61	61	61	61	61	61	PROBE
03:37:02838181 	4437e6446377	4437e6440c9e	0800	45	00	003c	404f	00	00	80	01	78e4	c0a8001f	c0a8001e	0000	e9de	0001000a	61616161	6161	6161	6161	6161	61	61	61	61	61	61	61	61	61	61	61	61	61	61	61	61	61	61	61	61	NORMAL
03:37:03412812 	ffffffffffff	4437e6446377	0806	00	01	0800	0604	00	01	44	37	e644	6377c0a8	001e0000	0000	0000	c0a80001	00000000	0000	0000	0000	0000	00	00	00	00	00	00	PROBE
03:37:03839075 	4437e6440c9e	4437e6446377	0800	45	00	003c	344c	00	00	80	01	84e7	c0a8001e	c0a8001f	0800	e1dd	0001000b	61616161	6161	6161	6161	6161	61	61	61	61	61	61	61	61	61	61	61	61	61	61	61	61	61	61	61	61	PROBE
03:37:03839157 	4437e6446377	4437e6440c9e	0800	45	00	003c	4050	00	00	80	01	78e3	c0a8001f	c0a8001e	0000	e9dd	0001000b	61616161	6161	6161	6161	6161	61	61	61	61	61	61	61	61	61	61	61	61	61	61	61	61	61	61	61	61	NORMAL
03:37:04840135 	4437e6440c9e	4437e6446377	0800	45	00	003c	344e	00	00	80	01	84e5	c0a8001e	c0a8001f	0800	e1dc	0001000c	61616161	6161	6161	6161	6161	61	61	61	61	61	61	61	61	61	61	61	61	61	61	61	61	61	61	61	61	PROBE
03:37:04840213 	4437e6446377	4437e6440c9e	0800	45	00	003c	4052	00	00	80	01	78e1	c0a8001f	c0a8001e	0000	e9dc	0001000c	61616161	6161	6161	6161	6161	61	61	61	61	61	61	61	61	61	61	61	61	61	61	61	61	61	61	61	61	NORMAL
03:37:05799490 	333300010003	4437e6446377	86dd	60	00	0000	0033	11	01	fe	80	0000	00000000	ad60674c	d30c	cb3b	ff020000	00000000	0000	0000	0001	0003	e4	8a	14	eb	00	33	ce	93	0b	43	00	00	00	01	00	00	00	00	00	00	02	33	31	01	30	03	31	36	38	03	31	39	32	07	69	6e	2d	61	64	64	72	04	61	72	70	61	00	00	0c	00	01	PROBE
03:37:05799794 	01005e0000fc	4437e6446377	0800	45	00	0047	344f	00	00	01	11	e394	c0a8001e	e00000fc	fd4c	14eb	0033c48b	0b430000	0001	0000	0000	0000	02	33	31	01	30	03	31	36	38	03	31	39	32	07	69	6e	2d	61	64	64	72	04	61	72	70	61	00	00	0c	00	01	PROBE
03:37:05834580 	3333ff0ccb3b	4437e6440c9e	86dd	60	00	0000	0020	3a	ff	fe	80	0000	00000000	70c08fce	ea35	8006	ff020000	00000000	0000	0001	ff0c	cb3b	87	00	5c	7a	00	00	00	00	fe	80	00	00	00	00	00	00	ad	60	67	4c	d3	0c	cb	3b	01	01	44	37	e6	44	0c	9e	NORMAL
03:37:05834679 	4437e6446377	4437e6440c9e	0800	45	00	0075	4053	00	00	80	11	7897	c0a8001f	c0a8001e	14eb	fd4c	00618b8b	0b438000	0001	0001	0000	0000	02	33	31	01	30	03	31	36	38	03	31	39	32	07	69	6e	2d	61	64	64	72	04	61	72	70	61	00	00	0c	00	01	02	33	31	01	30	03	31	36	38	03	31	39	32	07	69	6e	2d	61	64	64	72	04	61	72	70	61	00	00	0c	00	01	00	00	00	1e	00	09	07	63	6f	6d	70	31	34	33	00	NORMAL
03:37:05835008 	4437e6440c9e	4437e6446377	86dd	60	00	0000	0020	3a	ff	fe	80	0000	00000000	ad60674c	d30c	cb3b	fe800000	00000000	70c0	8fce	ea35	8006	88	00	bb	76	60	00	00	00	fe	80	00	00	00	00	00	00	ad	60	67	4c	d3	0c	cb	3b	02	01	44	37	e6	44	63	77	PROBE
03:37:05835034 	4437e6446377	4437e6440c9e	86dd	60	00	0000	0061	11	80	fe	80	0000	00000000	70c08fce	ea35	8006	fe800000	00000000	ad60	674c	d30c	cb3b	14	eb	e4	8a	00	61	0b	19	0b	43	80	00	00	01	00	01	00	00	00	00	02	33	31	01	30	03	31	36	38	03	31	39	32	07	69	6e	2d	61	64	64	72	04	61	72	70	61	00	00	0c	00	01	02	33	31	01	30	03	31	36	38	03	31	39	32	07	69	6e	2d	61	64	64	72	04	61	72	70	61	00	00	0c	00	01	00	00	00	1e	00	09	07	63	6f	6d	70	31	34	33	00	NORMAL
03:37:05835375 	4437e6440c9e	4437e6446377	86dd	60	00	0000	0091	3a	80	fe	80	0000	00000000	ad60674c	d30c	cb3b	fe800000	00000000	70c0	8fce	ea35	8006	01	04	71	fe	00	00	00	00	60	00	00	00	00	61	11	80	fe	80	00	00	00	00	00	00	70	c0	8f	ce	ea	35	80	06	fe	80	00	00	00	00	00	00	ad	60	67	4c	d3	0c	cb	3b	14	eb	e4	8a	00	61	0b	19	0b	43	80	00	00	01	00	01	00	00	00	00	02	33	31	01	30	03	31	36	38	03	31	39	32	07	69	6e	2d	61	64	64	72	04	61	72	70	61	00	00	0c	00	01	02	33	31	01	30	03	31	36	38	03	31	39	32	07	69	6e	2d	61	64	64	72	04	61	72	70	61	00	00	0c	00	01	00	00	00	1e	00	09	07	63	6f	6d	70	31	34	33	00	PROBE
03:37:05841099 	4437e6440c9e	4437e6446377	0800	45	00	003c	3450	00	00	80	01	84e3	c0a8001e	c0a8001f	0800	e1db	0001000d	61616161	6161	6161	6161	6161	61	61	61	61	61	61	61	61	61	61	61	61	61	61	61	61	61	61	61	61	PROBE
03:37:05841158 	4437e6446377	4437e6440c9e	0800	45	00	003c	4054	00	00	80	01	78df	c0a8001f	c0a8001e	0000	e9db	0001000d	61616161	6161	6161	6161	6161	61	61	61	61	61	61	61	61	61	61	61	61	61	61	61	61	61	61	61	61	NORMAL
03:37:05884066 	4437e6440c9e	4437e6446377	0800	45	00	003c	3451	40	00	01	01	c3e2	c0a8001e	c0a8001f	0800	e1da	0001000e	61616161	6161	6161	6161	6161	61	61	61	61	61	61	61	61	61	61	61	61	61	61	61	61	61	61	61	61	PROBE
03:37:05884135 	4437e6446377	4437e6440c9e	0800	45	00	003c	4055	00	00	80	01	78de	c0a8001f	c0a8001e	0000	e9da	0001000e	61616161	6161	6161	6161	6161	61	61	61	61	61	61	61	61	61	61	61	61	61	61	61	61	61	61	61	61	NORMAL
03:37:05890721 	4437e6440c9e	4437e6446377	0800	45	00	003c	3452	40	00	01	01	c3e1	c0a8001e	c0a8001f	0800	e1d9	0001000f	61616161	6161	6161	6161	6161	61	61	61	61	61	61	61	61	61	61	61	61	61	61	61	61	61	61	61	61	PROBE
03:37:05890767 	4437e6446377	4437e6440c9e	0800	45	00	003c	4056	00	00	80	01	78dd	c0a8001f	c0a8001e	0000	e9d9	0001000f	61616161	6161	6161	6161	6161	61	61	61	61	61	61	61	61	61	61	61	61	61	61	61	61	61	61	61	61	NORMAL
03:37:05891501 	4437e6440c9e	4437e6446377	0800	45	00	003c	3453	40	00	01	01	c3e0	c0a8001e	c0a8001f	0800	e1d8	00010010	61616161	6161	6161	6161	6161	61	61	61	61	61	61	61	61	61	61	61	61	61	61	61	61	61	61	61	61	PROBE
03:37:05891534 	4437e6446377	4437e6440c9e	0800	45	00	003c	4057	00	00	80	01	78dc	c0a8001f	c0a8001e	0000	e9d8	00010010	61616161	6161	6161	6161	6161	61	61	61	61	61	61	61	61	61	61	61	61	61	61	61	61	61	61	61	61	NORMAL
03:37:05892664 	ffffffffffff	4437e6446377	0806	00	01	0800	0604	00	01	44	37	e644	6377c0a8	001e0000	0000	0000	c0a80001	00000000	0000	0000	0000	0000	00	00	00	00	00	00	PROBE
03:37:06412931 	ffffffffffff	4437e6446377	0806	00	01	0800	0604	00	01	44	37	e644	6377c0a8	001e0000	0000	0000	c0a80001	00000000	0000	0000	0000	0000	00	00	00	00	00	00	PROBE
03:37:06842203 	4437e6440c9e	4437e6446377	0800	45	00	003c	3455	00	00	80	01	84de	c0a8001e	c0a8001f	0800	e1d7	00010011	61616161	6161	6161	6161	6161	61	61	61	61	61	61	61	61	61	61	61	61	61	61	61	61	61	61	61	61	PROBE
03:37:06842294 	4437e6446377	4437e6440c9e	0800	45	00	003c	4059	00	00	80	01	78da	c0a8001f	c0a8001e	0000	e9d7	00010011	61616161	6161	6161	6161	6161	61	61	61	61	61	61	61	61	61	61	61	61	61	61	61	61	61	61	61	61	NORMAL
03:37:06955677 	333300010003	4437e6446377	86dd	60	00	0000	001e	11	01	fe	80	0000	00000000	ad60674c	d30c	cb3b	ff020000	00000000	0000	0000	0001	0003	eb	21	14	eb	00	1e	d0	87	a5	c4	00	00	00	01	00	00	00	00	00	00	04	77	70	61	64	00	00	01	00	01	PROBE
03:37:06955810 	01005e0000fc	4437e6446377	0800	45	00	0032	3457	00	00	01	11	e3a1	c0a8001e	e00000fc	e4da	14eb	001ee588	a5c40000	0001	0000	0000	0000	04	77	70	61	64	00	00	01	00	01	PROBE
03:37:07055044 	333300010003	4437e6446377	86dd	60	00	0000	001e	11	01	fe	80	0000	00000000	ad60674c	d30c	cb3b	ff020000	00000000	0000	0000	0001	0003	eb	21	14	eb	00	1e	d0	87	a5	c4	00	00	00	01	00	00	00	00	00	00	04	77	70	61	64	00	00	01	00	01	PROBE
03:37:07055120 	01005e0000fc	4437e6446377	0800	45	00	0032	345b	00	00	01	11	e39d	c0a8001e	e00000fc	e4da	14eb	001ee588	a5c40000	0001	0000	0000	0000	04	77	70	61	64	00	00	01	00	01	PROBE
03:37:07255352 	ffffffffffff	4437e6446377	0800	45	00	004e	34dd	00	00	80	11	8354	c0a8001e	c0a800ff	0089	0089	003a9106	a9850110	0001	0000	0000	0000	20	46	48	46	41	45	42	45	45	43	41	43	41	43	41	43	41	43	41	43	41	43	41	43	41	43	41	43	41	43	41	41	41	00	00	20	00	01	PROBE
03:37:07412971 	ffffffffffff	4437e6446377	0806	00	01	0800	0604	00	01	44	37	e644	6377c0a8	001e0000	0000	0000	c0a80001	00000000	0000	0000	0000	0000	00	00	00	00	00	00	PROBE
03:37:07843243 	4437e6440c9e	4437e6446377	0800	45	00	003c	34de	00	00	80	01	8455	c0a8001e	c0a8001f	0800	e1d6	00010012	61616161	6161	6161	6161	6161	61	61	61	61	61	61	61	61	61	61	61	61	61	61	61	61	61	61	61	61	PROBE
03:37:07843324 	4437e6446377	4437e6440c9e	0800	45	00	003c	405a	00	00	80	01	78d9	c0a8001f	c0a8001e	0000	e9d6	00010012	61616161	6161	6161	6161	6161	61	61	61	61	61	61	61	61	61	61	61	61	61	61	61	61	61	61	61	61	NORMAL
03:37:08005084 	ffffffffffff	4437e6446377	0800	45	00	004e	3510	00	00	80	11	8321	c0a8001e	c0a800ff	0089	0089	003a9106	a9850110	0001	0000	0000	0000	20	46	48	46	41	45	42	45	45	43	41	43	41	43	41	43	41	43	41	43	41	43	41	43	41	43	41	43	41	43	41	41	41	00	00	20	00	01	PROBE
03:37:08755114 	ffffffffffff	4437e6446377	0800	45	00	004e	3512	00	00	80	11	831f	c0a8001e	c0a800ff	0089	0089	003a9106	a9850110	0001	0000	0000	0000	20	46	48	46	41	45	42	45	45	43	41	43	41	43	41	43	41	43	41	43	41	43	41	43	41	43	41	43	41	43	41	41	41	00	00	20	00	01	PROBE
03:37:08844269 	4437e6440c9e	4437e6446377	0800	45	00	003c	3513	00	00	80	01	8420	c0a8001e	c0a8001f	0800	e1d5	00010013	61616161	6161	6161	6161	6161	61	61	61	61	61	61	61	61	61	61	61	61	61	61	61	61	61	61	61	61	PROBE
03:37:08844351 	4437e6446377	4437e6440c9e	0800	45	00	003c	405c	00	00	80	01	78d7	c0a8001f	c0a8001e	0000	e9d5	00010013	61616161	6161	6161	6161	6161	61	61	61	61	61	61	61	61	61	61	61	61	61	61	61	61	61	61	61	61	NORMAL
03:37:09506684 	ffffffffffff	4437e6446377	0806	00	01	0800	0604	00	01	44	37	e644	6377c0a8	001e0000	0000	0000	c0a80001	00000000	0000	0000	0000	0000	00	00	00	00	00	00	PROBE
03:37:09845327 	4437e6440c9e	4437e6446377	0800	45	00	003c	3515	00	00	80	01	841e	c0a8001e	c0a8001f	0800	e1d4	00010014	61616161	6161	6161	6161	6161	61	61	61	61	61	61	61	61	61	61	61	61	61	61	61	61	61	61	61	61	PROBE
03:37:09845406 	4437e6446377	4437e6440c9e	0800	45	00	003c	405d	00	00	80	01	78d6	c0a8001f	c0a8001e	0000	e9d4	00010014	61616161	6161	6161	6161	6161	61	61	61	61	61	61	61	61	61	61	61	61	61	61	61	61	61	61	61	61	NORMAL
03:37:10413111 	ffffffffffff	4437e6446377	0806	00	01	0800	0604	00	01	44	37	e644	6377c0a8	001e0000	0000	0000	c0a80001	00000000	0000	0000	0000	0000	00	00	00	00	00	00	PROBE
03:37:10413129 	4437e6440c9e	4437e6446377	86dd	60	00	0000	0020	3a	ff	fe	80	0000	00000000	ad60674c	d30c	cb3b	fe800000	00000000	70c0	8fce	ea35	8006	87	00	65	a1	00	00	00	00	fe	80	00	00	00	00	00	00	70	c0	8f	ce	ea	35	80	06	01	01	44	37	e6	44	63	77	PROBE
03:37:10413217 	4437e6446377	4437e6440c9e	86dd	60	00	0000	0020	3a	ff	fe	80	0000	00000000	70c08fce	ea35	8006	fe800000	00000000	ad60	674c	d30c	cb3b	88	00	5a	7a	60	00	00	00	fe	80	00	00	00	00	00	00	70	c0	8f	ce	ea	35	80	06	02	01	44	37	e6	44	0c	9e	NORMAL
03:37:10846380 	4437e6440c9e	4437e6446377	0800	45	00	003c	3518	00	00	80	01	841b	c0a8001e	c0a8001f	0800	e1d3	00010015	61616161	6161	6161	6161	6161	61	61	61	61	61	61	61	61	61	61	61	61	61	61	61	61	61	61	61	61	PROBE
03:37:10846469 	4437e6446377	4437e6440c9e	0800	45	00	003c	405f	00	00	80	01	78d4	c0a8001f	c0a8001e	0000	e9d3	00010015	61616161	6161	6161	6161	6161	61	61	61	61	61	61	61	61	61	61	61	61	61	61	61	61	61	61	61	61	NORMAL
03:37:11413143 	ffffffffffff	4437e6446377	0806	00	01	0800	0604	00	01	44	37	e644	6377c0a8	001e0000	0000	0000	c0a80001	00000000	0000	0000	0000	0000	00	00	00	00	00	00	PROBE
03:37:11847412 	4437e6440c9e	4437e6446377	0800	45	00	003c	351a	00	00	80	01	8419	c0a8001e	c0a8001f	0800	e1d2	00010016	61616161	6161	6161	6161	6161	61	61	61	61	61	61	61	61	61	61	61	61	61	61	61	61	61	61	61	61	PROBE
03:37:11847491 	4437e6446377	4437e6440c9e	0800	45	00	003c	4060	00	00	80	01	78d3	c0a8001f	c0a8001e	0000	e9d2	00010016	61616161	6161	6161	6161	6161	61	61	61	61	61	61	61	61	61	61	61	61	61	61	61	61	61	61	61	61	NORMAL
03:37:11881528 	333300010003	4437e6440c9e	86dd	60	00	0000	001e	11	01	fe	80	0000	00000000	70c08fce	ea35	8006	ff020000	00000000	0000	0000	0001	0003	cc	92	14	eb	00	1e	e7	69	f5	9b	00	00	00	01	00	00	00	00	00	00	04	77	70	61	64	00	00	01	00	01	NORMAL
03:37:11881764 	01005e0000fc	4437e6440c9e	0800	45	00	0032	4061	00	00	01	11	d796	c0a8001f	e00000fc	f5c6	14eb	001e84c4	f59b0000	0001	0000	0000	0000	04	77	70	61	64	00	00	01	00	01	NORMAL
03:37:11981085 	333300010003	4437e6440c9e	86dd	60	00	0000	001e	11	01	fe	80	0000	00000000	70c08fce	ea35	8006	ff020000	00000000	0000	0000	0001	0003	cc	92	14	eb	00	1e	e7	69	f5	9b	00	00	00	01	00	00	00	00	00	00	04	77	70	61	64	00	00	01	00	01	NORMAL
03:37:11981161 	01005e0000fc	4437e6440c9e	0800	45	00	0032	4062	00	00	01	11	d795	c0a8001f	e00000fc	f5c6	14eb	001e84c4	f59b0000	0001	0000	0000	0000	04	77	70	61	64	00	00	01	00	01	NORMAL
03:37:12181339 	ffffffffffff	4437e6440c9e	0800	45	00	004e	4063	00	00	80	11	77cd	c0a8001f	c0a800ff	0089	0089	003a421a	f8700110	0001	0000	0000	0000	20	46	48	46	41	45	42	45	45	43	41	43	41	43	41	43	41	43	41	43	41	43	41	43	41	43	41	43	41	43	41	41	41	00	00	20	00	01	NORMAL
03:37:12848457 	4437e6440c9e	4437e6446377	0800	45	00	003c	3626	00	00	80	01	830d	c0a8001e	c0a8001f	0800	e1d1	00010017	61616161	6161	6161	6161	6161	61	61	61	61	61	61	61	61	61	61	61	61	61	61	61	61	61	61	61	61	PROBE
03:37:12848537 	4437e6446377	4437e6440c9e	0800	45	00	003c	4064	00	00	80	01	78cf	c0a8001f	c0a8001e	0000	e9d1	00010017	61616161	6161	6161	6161	6161	61	61	61	61	61	61	61	61	61	61	61	61	61	61	61	61	61	61	61	61	NORMAL
03:37:12931106 	ffffffffffff	4437e6440c9e	0800	45	00	004e	4065	00	00	80	11	77cb	c0a8001f	c0a800ff	0089	0089	003a421a	f8700110	0001	0000	0000	0000	20	46	48	46	41	45	42	45	45	43	41	43	41	43	41	43	41	43	41	43	41	43	41	43	41	43	41	43	41	43	41	41	41	00	00	20	00	01	NORMAL
03:37:13506348 	ffffffffffff	4437e6446377	0806	00	01	0800	0604	00	01	44	37	e644	6377c0a8	001e0000	0000	0000	c0a80001	00000000	0000	0000	0000	0000	00	00	00	00	00	00	PROBE
03:37:13681140 	ffffffffffff	4437e6440c9e	0800	45	00	004e	416e	00	00	80	11	76c2	c0a8001f	c0a800ff	0089	0089	003a421a	f8700110	0001	0000	0000	0000	20	46	48	46	41	45	42	45	45	43	41	43	41	43	41	43	41	43	41	43	41	43	41	43	41	43	41	43	41	43	41	41	41	00	00	20	00	01	NORMAL
03:37:13849496 	4437e6440c9e	4437e6446377	0800	45	00	003c	3628	00	00	80	01	830b	c0a8001e	c0a8001f	0800	e1d0	00010018	61616161	6161	6161	6161	6161	61	61	61	61	61	61	61	61	61	61	61	61	61	61	61	61	61	61	61	61	PROBE
03:37:13849575 	4437e6446377	4437e6440c9e	0800	45	00	003c	416f	00	00	80	01	77c4	c0a8001f	c0a8001e	0000	e9d0	00010018	61616161	6161	6161	6161	6161	61	61	61	61	61	61	61	61	61	61	61	61	61	61	61	61	61	61	61	61	NORMAL
03:37:14412278 	ffffffffffff	4437e6446377	0806	00	01	0800	0604	00	01	44	37	e644	6377c0a8	001e0000	0000	0000	c0a80001	00000000	0000	0000	0000	0000	00	00	00	00	00	00	PROBE
03:37:14850554 	4437e6440c9e	4437e6446377	0800	45	00	003c	362a	00	00	80	01	8309	c0a8001e	c0a8001f	0800	e1cf	00010019	61616161	6161	6161	6161	6161	61	61	61	61	61	61	61	61	61	61	61	61	61	61	61	61	61	61	61	61	PROBE
03:37:14850633 	4437e6446377	4437e6440c9e	0800	45	00	003c	4171	00	00	80	01	77c2	c0a8001f	c0a8001e	0000	e9cf	00010019	61616161	6161	6161	6161	6161	61	61	61	61	61	61	61	61	61	61	61	61	61	61	61	61	61	61	61	61	NORMAL
03:37:15412319 	ffffffffffff	4437e6446377	0806	00	01	0800	0604	00	01	44	37	e644	6377c0a8	001e0000	0000	0000	c0a80001	00000000	0000	0000	0000	0000	00	00	00	00	00	00	PROBE
03:37:15851577 	4437e6440c9e	4437e6446377	0800	45	00	003c	362b	00	00	80	01	8308	c0a8001e	c0a8001f	0800	e1ce	0001001a	61616161	6161	6161	6161	6161	61	61	61	61	61	61	61	61	61	61	61	61	61	61	61	61	61	61	61	61	PROBE
03:37:15851659 	4437e6446377	4437e6440c9e	0800	45	00	003c	4173	00	00	80	01	77c0	c0a8001f	c0a8001e	0000	e9ce	0001001a	61616161	6161	6161	6161	6161	61	61	61	61	61	61	61	61	61	61	61	61	61	61	61	61	61	61	61	61	NORMAL
03:37:16852632 	4437e6440c9e	4437e6446377	0800	45	00	003c	362d	00	00	80	01	8306	c0a8001e	c0a8001f	0800	e1cd	0001001b	61616161	6161	6161	6161	6161	61	61	61	61	61	61	61	61	61	61	61	61	61	61	61	61	61	61	61	61	PROBE
03:37:16852713 	4437e6446377	4437e6440c9e	0800	45	00	003c	4175	00	00	80	01	77be	c0a8001f	c0a8001e	0000	e9cd	0001001b	61616161	6161	6161	6161	6161	61	61	61	61	61	61	61	61	61	61	61	61	61	61	61	61	61	61	61	61	NORMAL
03:37:17506529 	ffffffffffff	4437e6446377	0806	00	01	0800	0604	00	01	44	37	e644	6377c0a8	001e0000	0000	0000	c0a80001	00000000	0000	0000	0000	0000	00	00	00	00	00	00	PROBE
03:37:17853676 	4437e6440c9e	4437e6446377	0800	45	00	003c	362f	00	00	80	01	8304	c0a8001e	c0a8001f	0800	e1cc	0001001c	61616161	6161	6161	6161	6161	61	61	61	61	61	61	61	61	61	61	61	61	61	61	61	61	61	61	61	61	PROBE
03:37:17853765 	4437e6446377	4437e6440c9e	0800	45	00	003c	4177	00	00	80	01	77bc	c0a8001f	c0a8001e	0000	e9cc	0001001c	61616161	6161	6161	6161	6161	61	61	61	61	61	61	61	61	61	61	61	61	61	61	61	61	61	61	61	61	NORMAL
03:37:17892968 	333300010003	4437e6446377	86dd	60	00	0000	0033	11	01	fe	80	0000	00000000	ad60674c	d30c	cb3b	ff020000	00000000	0000	0000	0001	0003	eb	30	14	eb	00	33	14	e6	be	4a	00	00	00	01	00	00	00	00	00	00	02	33	31	01	30	03	31	36	38	03	31	39	32	07	69	6e	2d	61	64	64	72	04	61	72	70	61	00	00	0c	00	01	PROBE
03:37:17893200 	4437e6446377	4437e6440c9e	86dd	60	00	0000	0061	11	80	fe	80	0000	00000000	70c08fce	ea35	8006	fe800000	00000000	ad60	674c	d30c	cb3b	14	eb	eb	30	00	61	51	6b	be	4a	80	00	00	01	00	01	00	00	00	00	02	33	31	01	30	03	31	36	38	03	31	39	32	07	69	6e	2d	61	64	64	72	04	61	72	70	61	00	00	0c	00	01	02	33	31	01	30	03	31	36	38	03	31	39	32	07	69	6e	2d	61	64	64	72	04	61	72	70	61	00	00	0c	00	01	00	00	00	1e	00	09	07	63	6f	6d	70	31	34	33	00	NORMAL
03:37:17893295 	01005e0000fc	4437e6446377	0800	45	00	0047	3630	00	00	01	11	e1b3	c0a8001e	e00000fc	d585	14eb	0033394b	be4a0000	0001	0000	0000	0000	02	33	31	01	30	03	31	36	38	03	31	39	32	07	69	6e	2d	61	64	64	72	04	61	72	70	61	00	00	0c	00	01	PROBE
03:37:17893456 	4437e6446377	4437e6440c9e	0800	45	00	0075	4178	00	00	80	11	7772	c0a8001f	c0a8001e	14eb	d585	0061004b	be4a8000	0001	0001	0000	0000	02	33	31	01	30	03	31	36	38	03	31	39	32	07	69	6e	2d	61	64	64	72	04	61	72	70	61	00	00	0c	00	01	02	33	31	01	30	03	31	36	38	03	31	39	32	07	69	6e	2d	61	64	64	72	04	61	72	70	61	00	00	0c	00	01	00	00	00	1e	00	09	07	63	6f	6d	70	31	34	33	00	NORMAL
03:37:17893795 	4437e6440c9e	4437e6446377	0800	45	00	0091	3631	00	00	80	01	82ad	c0a8001e	c0a8001f	0303	7efd	00000000	45000075	4178	0000	8011	7772	c0	a8	00	1f	c0	a8	00	1e	14	eb	d5	85	00	61	00	4b	be	4a	80	00	00	01	00	01	00	00	00	00	02	33	31	01	30	03	31	36	38	03	31	39	32	07	69	6e	2d	61	64	64	72	04	61	72	70	61	00	00	0c	00	01	02	33	31	01	30	03	31	36	38	03	31	39	32	07	69	6e	2d	61	64	64	72	04	61	72	70	61	00	00	0c	00	01	00	00	00	1e	00	09	07	63	6f	6d	70	31	34	33	00	PROBE
03:37:18412448 	ffffffffffff	4437e6446377	0806	00	01	0800	0604	00	01	44	37	e644	6377c0a8	001e0000	0000	0000	c0a80001	00000000	0000	0000	0000	0000	00	00	00	00	00	00	PROBE
03:37:18855028 	4437e6440c9e	4437e6446377	0800	45	00	003c	3632	00	00	80	01	8301	c0a8001e	c0a8001f	0800	e1cb	0001001d	61616161	6161	6161	6161	6161	61	61	61	61	61	61	61	61	61	61	61	61	61	61	61	61	61	61	61	61	PROBE
03:37:18855109 	4437e6446377	4437e6440c9e	0800	45	00	003c	417a	00	00	80	01	77b9	c0a8001f	c0a8001e	0000	e9cb	0001001d	61616161	6161	6161	6161	6161	61	61	61	61	61	61	61	61	61	61	61	61	61	61	61	61	61	61	61	61	NORMAL
03:37:19235911 	ffffffffffff	4437e6446377	0800	45	00	004e	3633	00	00	80	11	81fe	c0a8001e	c0a800ff	0089	0089	003a4df8	a9860110	0001	0000	0000	0000	20	43	41	43	41	45	44	46	45	46	43	45	4d	43	4c	46	49	43	41	43	4e	43	41	45	46	46	49	45	4a	46	45	41	41	00	00	20	00	01	PROBE
03:37:19237758 	ffffffffffff	4437e6446377	0800	45	00	004e	3634	00	00	80	11	81fd	c0a8001e	c0a800ff	0089	0089	003a9d0e	a9870110	0001	0000	0000	0000	20	43	41	43	41	43	41	43	41	43	41	43	41	43	41	43	41	43	41	43	41	43	41	43	41	43	41	43	41	43	41	41	41	00	00	20	00	01	PROBE
03:37:19238238 	ffffffffffff	4437e6446377	0800	45	00	004e	3635	00	00	80	11	81fc	c0a8001e	c0a800ff	0089	0089	003a9d0d	a9880110	0001	0000	0000	0000	20	43	41	43	41	43	41	43	41	43	41	43	41	43	41	43	41	43	41	43	41	43	41	43	41	43	41	43	41	43	41	41	41	00	00	20	00	01	PROBE
03:37:19238546 	ffffffffffff	4437e6446377	0800	45	00	004e	3636	00	00	80	11	81fb	c0a8001e	c0a800ff	0089	0089	003a9d0c	a9890110	0001	0000	0000	0000	20	43	41	43	41	43	41	43	41	43	41	43	41	43	41	43	41	43	41	43	41	43	41	43	41	43	41	43	41	43	41	41	41	00	00	20	00	01	PROBE
03:37:19238810 	ffffffffffff	4437e6446377	0800	45	00	004e	3637	00	00	80	11	81fa	c0a8001e	c0a800ff	0089	0089	003a9d0b	a98a0110	0001	0000	0000	0000	20	43	41	43	41	43	41	43	41	43	41	43	41	43	41	43	41	43	41	43	41	43	41	43	41	43	41	43	41	43	41	41	41	00	00	20	00	01	PROBE
03:37:19247318 	ffffffffffff	4437e6446377	0800	45	00	004e	3638	00	00	80	11	81f9	c0a8001e	c0a800ff	0089	0089	003a9d0a	a98b0110	0001	0000	0000	0000	20	43	41	43	41	43	41	43	41	43	41	43	41	43	41	43	41	43	41	43	41	43	41	43	41	43	41	43	41	43	41	41	41	00	00	20	00	01	PROBE
03:37:19252428 	ffffffffffff	4437e6446377	0800	45	00	004e	3639	00	00	80	11	81f8	c0a8001e	c0a800ff	0089	0089	003a8103	a98c0110	0001	0000	0000	0000	20	46	47	44	43	43	4f	44	42	44	46	43	41	43	41	43	41	43	41	43	41	43	41	43	41	43	41	43	41	43	41	41	41	00	00	20	00	01	PROBE
03:37:19252482 	ffffffffffff	4437e6446377	0800	45	00	004e	363a	00	00	80	11	81f7	c0a8001e	c0a800ff	0089	0089	003a8102	a98d0110	0001	0000	0000	0000	20	46	47	44	42	43	4f	44	43	44	46	43	41	43	41	43	41	43	41	43	41	43	41	43	41	43	41	43	41	43	41	41	41	00	00	20	00	01	PROBE
03:37:19252757 	ffffffffffff	4437e6446377	0800	45	00	004e	363b	00	00	80	11	81f6	c0a8001e	c0a800ff	0089	0089	003a8001	a98e0110	0001	0000	0000	0000	20	46	47	44	42	43	4f	44	42	44	48	43	41	43	41	43	41	43	41	43	41	43	41	43	41	43	41	43	41	43	41	41	41	00	00	20	00	01	PROBE
03:37:19252790 	ffffffffffff	4437e6446377	0800	45	00	004e	363c	00	00	80	11	81f5	c0a8001e	c0a800ff	0089	0089	003a7b00	a98f0110	0001	0000	0000	0000	20	46	47	44	42	43	4f	44	49	44	46	43	41	43	41	43	41	43	41	43	41	43	41	43	41	43	41	43	41	43	41	41	41	00	00	20	00	01	PROBE
03:37:19383583 	333300010003	4437e6440c9e	86dd	60	00	0000	0021	11	01	fe	80	0000	00000000	70c08fce	ea35	8006	ff020000	00000000	0000	0000	0001	0003	cd	d8	14	eb	00	21	ed	7d	aa	db	00	00	00	01	00	00	00	00	00	00	07	63	6f	6d	70	31	33	39	00	00	01	00	01	NORMAL
03:37:19383809 	01005e0000fc	4437e6440c9e	0800	45	00	0035	417b	00	00	01	11	d679	c0a8001f	e00000fc	eac8	14eb	0021971c	aadb0000	0001	0000	0000	0000	07	63	6f	6d	70	31	33	39	00	00	01	00	01	NORMAL
03:37:19412481 	ffffffffffff	4437e6446377	0806	00	01	0800	0604	00	01	44	37	e644	6377c0a8	001e0000	0000	0000	c0a80001	00000000	0000	0000	0000	0000	00	00	00	00	00	00	PROBE
03:37:19483438 	333300010003	4437e6440c9e	86dd	60	00	0000	0021	11	01	fe	80	0000	00000000	70c08fce	ea35	8006	ff020000	00000000	0000	0000	0001	0003	cd	d8	14	eb	00	21	ed	7d	aa	db	00	00	00	01	00	00	00	00	00	00	07	63	6f	6d	70	31	33	39	00	00	01	00	01	NORMAL
03:37:19483521 	01005e0000fc	4437e6440c9e	0800	45	00	0035	417c	00	00	01	11	d678	c0a8001f	e00000fc	eac8	14eb	0021971c	aadb0000	0001	0000	0000	0000	07	63	6f	6d	70	31	33	39	00	00	01	00	01	NORMAL
03:37:19683710 	ffffffffffff	4437e6440c9e	0800	45	00	004e	417d	00	00	80	11	76b3	c0a8001f	c0a800ff	0089	0089	003a2215	f8710110	0001	0000	0000	0000	20	45	44	45	50	45	4e	46	41	44	42	44	44	44	4a	43	41	43	41	43	41	43	41	43	41	43	41	43	41	43	41	43	41	00	00	20	00	01	NORMAL
03:37:19855745 	4437e6440c9e	4437e6446377	0800	45	00	003c	363d	00	00	80	01	82f6	c0a8001e	c0a8001f	0800	e1ca	0001001e	61616161	6161	6161	6161	6161	61	61	61	61	61	61	61	61	61	61	61	61	61	61	61	61	61	61	61	61	PROBE
03:37:19855825 	4437e6446377	4437e6440c9e	0800	45	00	003c	417e	00	00	80	01	77b5	c0a8001f	c0a8001e	0000	e9ca	0001001e	61616161	6161	6161	6161	6161	61	61	61	61	61	61	61	61	61	61	61	61	61	61	61	61	61	61	61	61	NORMAL
03:37:19892689 	ffffffffffff	4437e6446377	0800	45	00	004e	363e	00	00	80	11	81f3	c0a8001e	c0a800ff	0089	0089	003a9d05	a9900110	0001	0000	0000	0000	20	43	41	43	41	43	41	43	41	43	41	43	41	43	41	43	41	43	41	43	41	43	41	43	41	43	41	43	41	43	41	41	41	00	00	20	00	01	PROBE
03:37:19895809 	ffffffffffff	4437e6446377	0800	45	00	004e	363f	00	00	80	11	81f2	c0a8001e	c0a800ff	0089	0089	003a9d04	a9910110	0001	0000	0000	0000	20	43	41	43	41	43	41	43	41	43	41	43	41	43	41	43	41	43	41	43	41	43	41	43	41	43	41	43	41	43	41	41	41	00	00	20	00	01	PROBE
03:37:19897386 	ffffffffffff	4437e6446377	0800	45	00	004e	3640	00	00	80	11	81f1	c0a8001e	c0a800ff	0089	0089	003a9d03	a9920110	0001	0000	0000	0000	20	43	41	43	41	43	41	43	41	43	41	43	41	43	41	43	41	43	41	43	41	43	41	43	41	43	41	43	41	43	41	41	41	00	00	20	00	01	PROBE
03:37:19897796 	ffffffffffff	4437e6446377	0800	45	00	004e	3641	00	00	80	11	81f0	c0a8001e	c0a800ff	0089	0089	003a9d02	a9930110	0001	0000	0000	0000	20	43	41	43	41	43	41	43	41	43	41	43	41	43	41	43	41	43	41	43	41	43	41	43	41	43	41	43	41	43	41	41	41	00	00	20	00	01	PROBE
03:37:19898177 	ffffffffffff	4437e6446377	0800	45	00	004e	3642	00	00	80	11	81ef	c0a8001e	c0a800ff	0089	0089	003a7dfb	a9940110	0001	0000	0000	0000	20	46	47	44	42	43	4f	44	41	44	4b	43	41	43	41	43	41	43	41	43	41	43	41	43	41	43	41	43	41	43	41	41	41	00	00	20	00	01	PROBE
03:37:19898600 	ffffffffffff	4437e6446377	0800	45	00	004e	3643	00	00	80	11	81ee	c0a8001e	c0a800ff	0089	0089	003a6cef	a9950110	0001	0000	0000	0000	20	43	41	43	41	45	43	46	43	45	4a	45	42	45	4f	43	41	45	45	45	42	45	50	43	41	43	41	43	41	43	41	41	41	00	00	20	00	01	PROBE
03:37:19899401 	ffffffffffff	4437e6446377	0800	45	00	004e	3644	00	00	80	11	81ed	c0a8001e	c0a800ff	0089	0089	003a75f8	a9960110	0001	0000	0000	0000	20	46	47	44	42	43	4f	44	41	44	49	44	4b	43	41	43	41	43	41	43	41	43	41	43	41	43	41	43	41	43	41	41	41	00	00	20	00	01	PROBE
03:37:19899859 	ffffffffffff	4437e6446377	0800	45	00	004e	3645	00	00	80	11	81ec	c0a8001e	c0a800ff	0089	0089	003a9cfe	a9970110	0001	0000	0000	0000	20	43	41	43	41	43	41	43	41	43	41	43	41	43	41	43	41	43	41	43	41	43	41	43	41	43	41	43	41	43	41	41	41	00	00	20	00	01	PROBE
03:37:19900061 	ffffffffffff	4437e6446377	0800	45	00	004e	3646	00	00	80	11	81eb	c0a8001e	c0a800ff	0089	0089	003a6fed	a9980110	0001	0000	0000	0000	20	45	42	46	46	46	45	45	49	45	50	46	43	44	4b	43	41	43	41	43	41	43	41	43	41	43	41	43	41	43	41	41	41	00	00	20	00	01	PROBE
03:37:19900779 	ffffffffffff	4437e6446377	0800	45	00	004e	3647	00	00	80	11	81ea	c0a8001e	c0a800ff	0089	0089	003a93fe	a9990110	0001	0000	0000	0000	20	41	4a	43	41	43	41	43	41	43	41	43	41	43	41	43	41	43	41	43	41	43	41	43	41	43	41	43	41	43	41	41	41	00	00	20	00	01	PROBE
03:37:19985577 	ffffffffffff	4437e6446377	0800	45	00	004e	3648	00	00	80	11	81e9	c0a8001e	c0a800ff	0089	0089	003a4df8	a9860110	0001	0000	0000	0000	20	43	41	43	41	45	44	46	45	46	43	45	4d	43	4c	46	49	43	41	43	4e	43	41	45	46	46	49	45	4a	46	45	41	41	00	00	20	00	01	PROBE
03:37:19987508 	ffffffffffff	4437e6446377	0800	45	00	004e	3649	00	00	80	11	81e8	c0a8001e	c0a800ff	0089	0089	003a9d0d	a9880110	0001	0000	0000	0000	20	43	41	43	41	43	41	43	41	43	41	43	41	43	41	43	41	43	41	43	41	43	41	43	41	43	41	43	41	43	41	41	41	00	00	20	00	01	PROBE
03:37:19987555 	ffffffffffff	4437e6446377	0800	45	00	004e	364a	00	00	80	11	81e7	c0a8001e	c0a800ff	0089	0089	003a9d0e	a9870110	0001	0000	0000	0000	20	43	41	43	41	43	41	43	41	43	41	43	41	43	41	43	41	43	41	43	41	43	41	43	41	43	41	43	41	43	41	41	41	00	00	20	00	01	PROBE
03:37:19988503 	ffffffffffff	4437e6446377	0800	45	00	004e	364b	00	00	80	11	81e6	c0a8001e	c0a800ff	0089	0089	003a9d0b	a98a0110	0001	0000	0000	0000	20	43	41	43	41	43	41	43	41	43	41	43	41	43	41	43	41	43	41	43	41	43	41	43	41	43	41	43	41	43	41	41	41	00	00	20	00	01	PROBE
03:37:19988543 	ffffffffffff	4437e6446377	0800	45	00	004e	364c	00	00	80	11	81e5	c0a8001e	c0a800ff	0089	0089	003a9d0c	a9890110	0001	0000	0000	0000	20	43	41	43	41	43	41	43	41	43	41	43	41	43	41	43	41	43	41	43	41	43	41	43	41	43	41	43	41	43	41	41	41	00	00	20	00	01	PROBE
03:37:19996515 	ffffffffffff	4437e6446377	0800	45	00	004e	364d	00	00	80	11	81e4	c0a8001e	c0a800ff	0089	0089	003a9d0a	a98b0110	0001	0000	0000	0000	20	43	41	43	41	43	41	43	41	43	41	43	41	43	41	43	41	43	41	43	41	43	41	43	41	43	41	43	41	43	41	41	41	00	00	20	00	01	PROBE
03:37:20001513 	ffffffffffff	4437e6446377	0800	45	00	004e	364e	00	00	80	11	81e3	c0a8001e	c0a800ff	0089	0089	003a8102	a98d0110	0001	0000	0000	0000	20	46	47	44	42	43	4f	44	43	44	46	43	41	43	41	43	41	43	41	43	41	43	41	43	41	43	41	43	41	43	41	41	41	00	00	20	00	01	PROBE
03:37:20001565 	ffffffffffff	4437e6446377	0800	45	00	004e	364f	00	00	80	11	81e2	c0a8001e	c0a800ff	0089	0089	003a8103	a98c0110	0001	0000	0000	0000	20	46	47	44	43	43	4f	44	42	44	46	43	41	43	41	43	41	43	41	43	41	43	41	43	41	43	41	43	41	43	41	41	41	00	00	20	00	01	PROBE
03:37:20002502 	ffffffffffff	4437e6446377	0800	45	00	004e	3650	00	00	80	11	81e1	c0a8001e	c0a800ff	0089	0089	003a7b00	a98f0110	0001	0000	0000	0000	20	46	47	44	42	43	4f	44	49	44	46	43	41	43	41	43	41	43	41	43	41	43	41	43	41	43	41	43	41	43	41	41	41	00	00	20	00	01	PROBE
03:37:20002538 	ffffffffffff	4437e6446377	0800	45	00	004e	3651	00	00	80	11	81e0	c0a8001e	c0a800ff	0089	0089	003a8001	a98e0110	0001	0000	0000	0000	20	46	47	44	42	43	4f	44	42	44	48	43	41	43	41	43	41	43	41	43	41	43	41	43	41	43	41	43	41	43	41	41	41	00	00	20	00	01	PROBE
03:37:20433465 	ffffffffffff	4437e6440c9e	0800	45	00	004e	417f	00	00	80	11	76b1	c0a8001f	c0a800ff	0089	0089	003a2215	f8710110	0001	0000	0000	0000	20	45	44	45	50	45	4e	46	41	44	42	44	44	44	4a	43	41	43	41	43	41	43	41	43	41	43	41	43	41	43	41	43	41	00	00	20	00	01	NORMAL
03:37:20642622 	ffffffffffff	4437e6446377	0800	45	00	004e	3653	00	00	80	11	81de	c0a8001e	c0a800ff	0089	0089	003a9d05	a9900110	0001	0000	0000	0000	20	43	41	43	41	43	41	43	41	43	41	43	41	43	41	43	41	43	41	43	41	43	41	43	41	43	41	43	41	43	41	41	41	00	00	20	00	01	PROBE
03:37:20645547 	ffffffffffff	4437e6446377	0800	45	00	004e	3654	00	00	80	11	81dd	c0a8001e	c0a800ff	0089	0089	003a9d04	a9910110	0001	0000	0000	0000	20	43	41	43	41	43	41	43	41	43	41	43	41	43	41	43	41	43	41	43	41	43	41	43	41	43	41	43	41	43	41	41	41	00	00	20	00	01	PROBE
03:37:20646529 	ffffffffffff	4437e6446377	0800	45	00	004e	3655	00	00	80	11	81dc	c0a8001e	c0a800ff	0089	0089	003a9d03	a9920110	0001	0000	0000	0000	20	43	41	43	41	43	41	43	41	43	41	43	41	43	41	43	41	43	41	43	41	43	41	43	41	43	41	43	41	43	41	41	41	00	00	20	00	01	PROBE
03:37:20647530 	ffffffffffff	4437e6446377	0800	45	00	004e	3656	00	00	80	11	81db	c0a8001e	c0a800ff	0089	0089	003a9d02	a9930110	0001	0000	0000	0000	20	43	41	43	41	43	41	43	41	43	41	43	41	43	41	43	41	43	41	43	41	43	41	43	41	43	41	43	41	43	41	41	41	00	00	20	00	01	PROBE
03:37:20647568 	ffffffffffff	4437e6446377	0800	45	00	004e	3657	00	00	80	11	81da	c0a8001e	c0a800ff	0089	0089	003a7dfb	a9940110	0001	0000	0000	0000	20	46	47	44	42	43	4f	44	41	44	4b	43	41	43	41	43	41	43	41	43	41	43	41	43	41	43	41	43	41	43	41	41	41	00	00	20	00	01	PROBE
03:37:20648525 	ffffffffffff	4437e6446377	0800	45	00	004e	3658	00	00	80	11	81d9	c0a8001e	c0a800ff	0089	0089	003a6cef	a9950110	0001	0000	0000	0000	20	43	41	43	41	45	43	46	43	45	4a	45	42	45	4f	43	41	45	45	45	42	45	50	43	41	43	41	43	41	43	41	41	41	00	00	20	00	01	PROBE
03:37:20648559 	ffffffffffff	4437e6446377	0800	45	00	004e	3659	00	00	80	11	81d8	c0a8001e	c0a800ff	0089	0089	003a75f8	a9960110	0001	0000	0000	0000	20	46	47	44	42	43	4f	44	41	44	49	44	4b	43	41	43	41	43	41	43	41	43	41	43	41	43	41	43	41	43	41	41	41	00	00	20	00	01	PROBE
03:37:20649534 	ffffffffffff	4437e6446377	0800	45	00	004e	365a	00	00	80	11	81d7	c0a8001e	c0a800ff	0089	0089	003a9cfe	a9970110	0001	0000	0000	0000	20	43	41	43	41	43	41	43	41	43	41	43	41	43	41	43	41	43	41	43	41	43	41	43	41	43	41	43	41	43	41	41	41	00	00	20	00	01	PROBE
03:37:20649572 	ffffffffffff	4437e6446377	0800	45	00	004e	365b	00	00	80	11	81d6	c0a8001e	c0a800ff	0089	0089	003a6fed	a9980110	0001	0000	0000	0000	20	45	42	46	46	46	45	45	49	45	50	46	43	44	4b	43	41	43	41	43	41	43	41	43	41	43	41	43	41	43	41	41	41	00	00	20	00	01	PROBE
03:37:20650527 	ffffffffffff	4437e6446377	0800	45	00	004e	365c	00	00	80	11	81d5	c0a8001e	c0a800ff	0089	0089	003a93fe	a9990110	0001	0000	0000	0000	20	41	4a	43	41	43	41	43	41	43	41	43	41	43	41	43	41	43	41	43	41	43	41	43	41	43	41	43	41	43	41	41	41	00	00	20	00	01	PROBE
03:37:20735600 	ffffffffffff	4437e6446377	0800	45	00	004e	365d	00	00	80	11	81d4	c0a8001e	c0a800ff	0089	0089	003a4df8	a9860110	0001	0000	0000	0000	20	43	41	43	41	45	44	46	45	46	43	45	4d	43	4c	46	49	43	41	43	4e	43	41	45	46	46	49	45	4a	46	45	41	41	00	00	20	00	01	PROBE
03:37:20737535 	ffffffffffff	4437e6446377	0800	45	00	004e	365e	00	00	80	11	81d3	c0a8001e	c0a800ff	0089	0089	003a9d0e	a9870110	0001	0000	0000	0000	20	43	41	43	41	43	41	43	41	43	41	43	41	43	41	43	41	43	41	43	41	43	41	43	41	43	41	43	41	43	41	41	41	00	00	20	00	01	PROBE
03:37:20737588 	ffffffffffff	4437e6446377	0800	45	00	004e	365f	00	00	80	11	81d2	c0a8001e	c0a800ff	0089	0089	003a9d0d	a9880110	0001	0000	0000	0000	20	43	41	43	41	43	41	43	41	43	41	43	41	43	41	43	41	43	41	43	41	43	41	43	41	43	41	43	41	43	41	41	41	00	00	20	00	01	PROBE
03:37:20738535 	ffffffffffff	4437e6446377	0800	45	00	004e	3660	00	00	80	11	81d1	c0a8001e	c0a800ff	0089	0089	003a9d0c	a9890110	0001	0000	0000	0000	20	43	41	43	41	43	41	43	41	43	41	43	41	43	41	43	41	43	41	43	41	43	41	43	41	43	41	43	41	43	41	41	41	00	00	20	00	01	PROBE
03:37:20738574 	ffffffffffff	4437e6446377	0800	45	00	004e	3661	00	00	80	11	81d0	c0a8001e	c0a800ff	0089	0089	003a9d0b	a98a0110	0001	0000	0000	0000	20	43	41	43	41	43	41	43	41	43	41	43	41	43	41	43	41	43	41	43	41	43	41	43	41	43	41	43	41	43	41	41	41	00	00	20	00	01	PROBE
03:37:20746535 	ffffffffffff	4437e6446377	0800	45	00	004e	3662	00	00	80	11	81cf	c0a8001e	c0a800ff	0089	0089	003a9d0a	a98b0110	0001	0000	0000	0000	20	43	41	43	41	43	41	43	41	43	41	43	41	43	41	43	41	43	41	43	41	43	41	43	41	43	41	43	41	43	41	41	41	00	00	20	00	01	PROBE
03:37:20751535 	ffffffffffff	4437e6446377	0800	45	00	004e	3663	00	00	80	11	81ce	c0a8001e	c0a800ff	0089	0089	003a8103	a98c0110	0001	0000	0000	0000	20	46	47	44	43	43	4f	44	42	44	46	43	41	43	41	43	41	43	41	43	41	43	41	43	41	43	41	43	41	43	41	41	41	00	00	20	00	01	PROBE
03:37:20751587 	ffffffffffff	4437e6446377	0800	45	00	004e	3664	00	00	80	11	81cd	c0a8001e	c0a800ff	0089	0089	003a8102	a98d0110	0001	0000	0000	0000	20	46	47	44	42	43	4f	44	43	44	46	43	41	43	41	43	41	43	41	43	41	43	41	43	41	43	41	43	41	43	41	41	41	00	00	20	00	01	PROBE
03:37:20752529 	ffffffffffff	4437e6446377	0800	45	00	004e	3665	00	00	80	11	81cc	c0a8001e	c0a800ff	0089	0089	003a8001	a98e0110	0001	0000	0000	0000	20	46	47	44	42	43	4f	44	42	44	48	43	41	43	41	43	41	43	41	43	41	43	41	43	41	43	41	43	41	43	41	41	41	00	00	20	00	01	PROBE
03:37:20752561 	ffffffffffff	4437e6446377	0800	45	00	004e	3666	00	00	80	11	81cb	c0a8001e	c0a800ff	0089	0089	003a7b00	a98f0110	0001	0000	0000	0000	20	46	47	44	42	43	4f	44	49	44	46	43	41	43	41	43	41	43	41	43	41	43	41	43	41	43	41	43	41	43	41	41	41	00	00	20	00	01	PROBE
03:37:20856796 	4437e6440c9e	4437e6446377	0800	45	00	003c	3667	00	00	80	01	82cc	c0a8001e	c0a8001f	0800	e1c9	0001001f	61616161	6161	6161	6161	6161	61	61	61	61	61	61	61	61	61	61	61	61	61	61	61	61	61	61	61	61	PROBE
03:37:20856877 	4437e6446377	4437e6440c9e	0800	45	00	003c	4180	00	00	80	01	77b3	c0a8001f	c0a8001e	0000	e9c9	0001001f	61616161	6161	6161	6161	6161	61	61	61	61	61	61	61	61	61	61	61	61	61	61	61	61	61	61	61	61	NORMAL
03:37:21183512 	ffffffffffff	4437e6440c9e	0800	45	00	004e	4182	00	00	80	11	76ae	c0a8001f	c0a800ff	0089	0089	003a2215	f8710110	0001	0000	0000	0000	20	45	44	45	50	45	4e	46	41	44	42	44	44	44	4a	43	41	43	41	43	41	43	41	43	41	43	41	43	41	43	41	43	41	00	00	20	00	01	NORMAL
03:37:21392622 	ffffffffffff	4437e6446377	0800	45	00	004e	3668	00	00	80	11	81c9	c0a8001e	c0a800ff	0089	0089	003a9d05	a9900110	0001	0000	0000	0000	20	43	41	43	41	43	41	43	41	43	41	43	41	43	41	43	41	43	41	43	41	43	41	43	41	43	41	43	41	43	41	41	41	00	00	20	00	01	PROBE
03:37:21395563 	ffffffffffff	4437e6446377	0800	45	00	004e	3669	00	00	80	11	81c8	c0a8001e	c0a800ff	0089	0089	003a9d04	a9910110	0001	0000	0000	0000	20	43	41	43	41	43	41	43	41	43	41	43	41	43	41	43	41	43	41	43	41	43	41	43	41	43	41	43	41	43	41	41	41	00	00	20	00	01	PROBE
03:37:21396560 	ffffffffffff	4437e6446377	0800	45	00	004e	366a	00	00	80	11	81c7	c0a8001e	c0a800ff	0089	0089	003a9d03	a9920110	0001	0000	0000	0000	20	43	41	43	41	43	41	43	41	43	41	43	41	43	41	43	41	43	41	43	41	43	41	43	41	43	41	43	41	43	41	41	41	00	00	20	00	01	PROBE
03:37:21397559 	ffffffffffff	4437e6446377	0800	45	00	004e	366b	00	00	80	11	81c6	c0a8001e	c0a800ff	0089	0089	003a9d02	a9930110	0001	0000	0000	0000	20	43	41	43	41	43	41	43	41	43	41	43	41	43	41	43	41	43	41	43	41	43	41	43	41	43	41	43	41	43	41	41	41	00	00	20	00	01	PROBE
03:37:21397594 	ffffffffffff	4437e6446377	0800	45	00	004e	366c	00	00	80	11	81c5	c0a8001e	c0a800ff	0089	0089	003a7dfb	a9940110	0001	0000	0000	0000	20	46	47	44	42	43	4f	44	41	44	4b	43	41	43	41	43	41	43	41	43	41	43	41	43	41	43	41	43	41	43	41	41	41	00	00	20	00	01	PROBE
03:37:21398563 	ffffffffffff	4437e6446377	0800	45	00	004e	366d	00	00	80	11	81c4	c0a8001e	c0a800ff	0089	0089	003a6cef	a9950110	0001	0000	0000	0000	20	43	41	43	41	45	43	46	43	45	4a	45	42	45	4f	43	41	45	45	45	42	45	50	43	41	43	41	43	41	43	41	41	41	00	00	20	00	01	PROBE
03:37:21398601 	ffffffffffff	4437e6446377	0800	45	00	004e	366e	00	00	80	11	81c3	c0a8001e	c0a800ff	0089	0089	003a75f8	a9960110	0001	0000	0000	0000	20	46	47	44	42	43	4f	44	41	44	49	44	4b	43	41	43	41	43	41	43	41	43	41	43	41	43	41	43	41	43	41	41	41	00	00	20	00	01	PROBE
03:37:21399560 	ffffffffffff	4437e6446377	0800	45	00	004e	366f	00	00	80	11	81c2	c0a8001e	c0a800ff	0089	0089	003a9cfe	a9970110	0001	0000	0000	0000	20	43	41	43	41	43	41	43	41	43	41	43	41	43	41	43	41	43	41	43	41	43	41	43	41	43	41	43	41	43	41	41	41	00	00	20	00	01	PROBE
03:37:21399596 	ffffffffffff	4437e6446377	0800	45	00	004e	3670	00	00	80	11	81c1	c0a8001e	c0a800ff	0089	0089	003a6fed	a9980110	0001	0000	0000	0000	20	45	42	46	46	46	45	45	49	45	50	46	43	44	4b	43	41	43	41	43	41	43	41	43	41	43	41	43	41	43	41	41	41	00	00	20	00	01	PROBE
03:37:21400559 	ffffffffffff	4437e6446377	0800	45	00	004e	3671	00	00	80	11	81c0	c0a8001e	c0a800ff	0089	0089	003a93fe	a9990110	0001	0000	0000	0000	20	41	4a	43	41	43	41	43	41	43	41	43	41	43	41	43	41	43	41	43	41	43	41	43	41	43	41	43	41	43	41	41	41	00	00	20	00	01	PROBE
03:37:21525731 	333300010003	4437e6446377	86dd	60	00	0000	001e	11	01	fe	80	0000	00000000	ad60674c	d30c	cb3b	ff020000	00000000	0000	0000	0001	0003	d6	11	14	eb	00	1e	60	0d	2b	4f	00	00	00	01	00	00	00	00	00	00	04	77	70	61	64	00	00	01	00	01	PROBE
03:37:21526075 	01005e0000fc	4437e6446377	0800	45	00	0032	3672	00	00	01	11	e186	c0a8001e	e00000fc	d87a	14eb	001e6c5e	2b4f0000	0001	0000	0000	0000	04	77	70	61	64	00	00	01	00	01	PROBE
03:37:21625712 	333300010003	4437e6446377	86dd	60	00	0000	001e	11	01	fe	80	0000	00000000	ad60674c	d30c	cb3b	ff020000	00000000	0000	0000	0001	0003	d6	11	14	eb	00	1e	60	0d	2b	4f	00	00	00	01	00	00	00	00	00	00	04	77	70	61	64	00	00	01	00	01	PROBE
03:37:21625785 	01005e0000fc	4437e6446377	0800	45	00	0032	3673	00	00	01	11	e185	c0a8001e	e00000fc	d87a	14eb	001e6c5e	2b4f0000	0001	0000	0000	0000	04	77	70	61	64	00	00	01	00	01	PROBE
03:37:21826040 	ffffffffffff	4437e6446377	0800	45	00	004e	3674	00	00	80	11	81bd	c0a8001e	c0a800ff	0089	0089	003a90f1	a99a0110	0001	0000	0000	0000	20	46	48	46	41	45	42	45	45	43	41	43	41	43	41	43	41	43	41	43	41	43	41	43	41	43	41	43	41	43	41	41	41	00	00	20	00	01	PROBE
03:37:21858091 	4437e6440c9e	4437e6446377	0800	45	00	003c	3675	00	00	80	01	82be	c0a8001e	c0a8001f	0800	e1c8	00010020	61616161	6161	6161	6161	6161	61	61	61	61	61	61	61	61	61	61	61	61	61	61	61	61	61	61	61	61	PROBE
03:37:21858168 	4437e6446377	4437e6440c9e	0800	45	00	003c	4183	00	00	80	01	77b0	c0a8001f	c0a8001e	0000	e9c8	00010020	61616161	6161	6161	6161	6161	61	61	61	61	61	61	61	61	61	61	61	61	61	61	61	61	61	61	61	61	NORMAL
03:37:21935152 	333300010003	4437e6440c9e	86dd	60	00	0000	0021	11	01	fe	80	0000	00000000	70c08fce	ea35	8006	ff020000	00000000	0000	0000	0001	0003	cb	82	14	eb	00	21	ad	00	ed	ae	00	00	00	01	00	00	00	00	00	00	07	63	6f	6d	70	31	33	39	00	00	01	00	01	NORMAL
03:37:21935367 	01005e0000fc	4437e6440c9e	0800	45	00	0035	4184	00	00	01	11	d670	c0a8001f	e00000fc	f96b	14eb	002145a6	edae0000	0001	0000	0000	0000	07	63	6f	6d	70	31	33	39	00	00	01	00	01	NORMAL
03:37:22034569 	333300010003	4437e6440c9e	86dd	60	00	0000	0021	11	01	fe	80	0000	00000000	70c08fce	ea35	8006	ff020000	00000000	0000	0000	0001	0003	cb	82	14	eb	00	21	ad	00	ed	ae	00	00	00	01	00	00	00	00	00	00	07	63	6f	6d	70	31	33	39	00	00	01	00	01	NORMAL
03:37:22034661 	01005e0000fc	4437e6440c9e	0800	45	00	0035	4185	00	00	01	11	d66f	c0a8001f	e00000fc	f96b	14eb	002145a6	edae0000	0001	0000	0000	0000	07	63	6f	6d	70	31	33	39	00	00	01	00	01	NORMAL
03:37:22234793 	ffffffffffff	4437e6440c9e	0800	45	00	004e	4186	00	00	80	11	76aa	c0a8001f	c0a800ff	0089	0089	003a2214	f8720110	0001	0000	0000	0000	20	45	44	45	50	45	4e	46	41	44	42	44	44	44	4a	43	41	43	41	43	41	43	41	43	41	43	41	43	41	43	41	43	41	00	00	20	00	01	NORMAL
03:37:22334602 	ffffffffffff	4437e6440c9e	0800	45	00	00e5	4187	00	00	80	11	7612	c0a8001f	c0a800ff	008a	008a	00d1e778	110af873	c0a8	001f	008a	00bb	00	00	20	45	44	45	50	45	4e	46	41	44	42	44	45	44	44	43	41	43	41	43	41	43	41	43	41	43	41	43	41	43	41	43	41	00	20	45	49	45	4d	44	45	44	42	44	41	43	41	43	41	43	41	43	41	43	41	43	41	43	41	43	41	43	41	43	41	42	4f	00	ff	53	4d	42	25	00	00	00	00	00	00	00	00	00	00	00	00	00	00	00	00	00	00	00	00	00	00	00	00	00	00	00	11	00	00	21	00	00	00	00	00	00	00	00	00	e8	03	00	00	00	00	00	00	00	00	21	00	56	00	03	00	01	00	00	00	02	00	32	00	5c	4d	41	49	4c	53	4c	4f	54	5c	42	52	4f	57	53	45	00	0f	00	80	fc	0a	00	43	4f	4d	50	31	34	33	00	00	00	00	00	00	00	00	00	06	01	07	10	05	00	0f	01	55	aa	00	NORMAL
03:37:22575693 	ffffffffffff	4437e6446377	0800	45	00	004e	3676	00	00	80	11	81bb	c0a8001e	c0a800ff	0089	0089	003a90f1	a99a0110	0001	0000	0000	0000	20	46	48	46	41	45	42	45	45	43	41	43	41	43	41	43	41	43	41	43	41	43	41	43	41	43	41	43	41	43	41	41	41	00	00	20	00	01	PROBE
03:37:22858832 	4437e6440c9e	4437e6446377	0800	45	00	003c	3677	00	00	80	01	82bc	c0a8001e	c0a8001f	0800	e1c7	00010021	61616161	6161	6161	6161	6161	61	61	61	61	61	61	61	61	61	61	61	61	61	61	61	61	61	61	61	61	PROBE
03:37:22858906 	4437e6446377	4437e6440c9e	0800	45	00	003c	4189	00	00	80	01	77aa	c0a8001f	c0a8001e	0000	e9c7	00010021	61616161	6161	6161	6161	6161	61	61	61	61	61	61	61	61	61	61	61	61	61	61	61	61	61	61	61	61	NORMAL
03:37:22984588 	ffffffffffff	4437e6440c9e	0800	45	00	004e	418a	00	00	80	11	76a6	c0a8001f	c0a800ff	0089	0089	003a2214	f8720110	0001	0000	0000	0000	20	45	44	45	50	45	4e	46	41	44	42	44	44	44	4a	43	41	43	41	43	41	43	41	43	41	43	41	43	41	43	41	43	41	00	00	20	00	01	NORMAL
03:37:23325708 	ffffffffffff	4437e6446377	0800	45	00	004e	3678	00	00	80	11	81b9	c0a8001e	c0a800ff	0089	0089	003a90f1	a99a0110	0001	0000	0000	0000	20	46	48	46	41	45	42	45	45	43	41	43	41	43	41	43	41	43	41	43	41	43	41	43	41	43	41	43	41	43	41	41	41	00	00	20	00	01	PROBE
03:37:23734627 	ffffffffffff	4437e6440c9e	0800	45	00	004e	418b	00	00	80	11	76a5	c0a8001f	c0a800ff	0089	0089	003a2214	f8720110	0001	0000	0000	0000	20	45	44	45	50	45	4e	46	41	44	42	44	44	44	4a	43	41	43	41	43	41	43	41	43	41	43	41	43	41	43	41	43	41	00	00	20	00	01	NORMAL
03:37:23859904 	4437e6440c9e	4437e6446377	0800	45	00	003c	3679	00	00	80	01	82ba	c0a8001e	c0a8001f	0800	e1c6	00010022	61616161	6161	6161	6161	6161	61	61	61	61	61	61	61	61	61	61	61	61	61	61	61	61	61	61	61	61	PROBE
03:37:23859985 	4437e6446377	4437e6440c9e	0800	45	00	003c	418c	00	00	80	01	77a7	c0a8001f	c0a8001e	0000	e9c6	00010022	61616161	6161	6161	6161	6161	61	61	61	61	61	61	61	61	61	61	61	61	61	61	61	61	61	61	61	61	NORMAL
03:37:24077202 	ffffffffffff	4437e6446377	0806	00	01	0800	0604	00	01	44	37	e644	6377c0a8	001e0000	0000	0000	c0a80001	00000000	0000	0000	0000	0000	00	00	00	00	00	00	PROBE
03:37:24860929 	4437e6440c9e	4437e6446377	0800	45	00	003c	367b	00	00	80	01	82b8	c0a8001e	c0a8001f	0800	e1c5	00010023	61616161	6161	6161	6161	6161	61	61	61	61	61	61	61	61	61	61	61	61	61	61	61	61	61	61	61	61	PROBE
03:37:24861009 	4437e6446377	4437e6440c9e	0800	45	00	003c	418d	00	00	80	01	77a6	c0a8001f	c0a8001e	0000	e9c5	00010023	61616161	6161	6161	6161	6161	61	61	61	61	61	61	61	61	61	61	61	61	61	61	61	61	61	61	61	61	NORMAL
03:37:24912710 	ffffffffffff	4437e6446377	0806	00	01	0800	0604	00	01	44	37	e644	6377c0a8	001e0000	0000	0000	c0a80001	00000000	0000	0000	0000	0000	00	00	00	00	00	00	PROBE
03:37:25861992 	4437e6440c9e	4437e6446377	0800	45	00	003c	367d	00	00	80	01	82b6	c0a8001e	c0a8001f	0800	e1c4	00010024	61616161	6161	6161	6161	6161	61	61	61	61	61	61	61	61	61	61	61	61	61	61	61	61	61	61	61	61	PROBE
03:37:25862079 	4437e6446377	4437e6440c9e	0800	45	00	003c	418f	00	00	80	01	77a4	c0a8001f	c0a8001e	0000	e9c4	00010024	61616161	6161	6161	6161	6161	61	61	61	61	61	61	61	61	61	61	61	61	61	61	61	61	61	61	61	61	NORMAL
03:37:25912754 	ffffffffffff	4437e6446377	0806	00	01	0800	0604	00	01	44	37	e644	6377c0a8	001e0000	0000	0000	c0a80001	00000000	0000	0000	0000	0000	00	00	00	00	00	00	PROBE
03:37:25959739 	333300010003	4437e6446377	86dd	60	00	0000	0021	11	01	fe	80	0000	00000000	ad60674c	d30c	cb3b	ff020000	00000000	0000	0000	0001	0003	c2	8c	14	eb	00	21	45	e6	15	95	00	00	00	01	00	00	00	00	00	00	07	63	6f	6d	70	31	33	39	00	00	01	00	01	PROBE
03:37:25959880 	01005e0000fc	4437e6446377	0800	45	00	0035	367e	00	00	01	11	e177	c0a8001e	e00000fc	e28b	14eb	002134a1	15950000	0001	0000	0000	0000	07	63	6f	6d	70	31	33	39	00	00	01	00	01	PROBE
03:37:26059836 	333300010003	4437e6446377	86dd	60	00	0000	0021	11	01	fe	80	0000	00000000	ad60674c	d30c	cb3b	ff020000	00000000	0000	0000	0001	0003	c2	8c	14	eb	00	21	45	e6	15	95	00	00	00	01	00	00	00	00	00	00	07	63	6f	6d	70	31	33	39	00	00	01	00	01	PROBE
03:37:26059913 	01005e0000fc	4437e6446377	0800	45	00	0035	367f	00	00	01	11	e176	c0a8001e	e00000fc	e28b	14eb	002134a1	15950000	0001	0000	0000	0000	07	63	6f	6d	70	31	33	39	00	00	01	00	01	PROBE
03:37:26260227 	ffffffffffff	4437e6446377	0800	45	00	004e	3681	00	00	80	11	81b0	c0a8001e	c0a800ff	0089	0089	003a70ec	a99b0110	0001	0000	0000	0000	20	45	44	45	50	45	4e	46	41	44	42	44	44	44	4a	43	41	43	41	43	41	43	41	43	41	43	41	43	41	43	41	43	41	00	00	20	00	01	PROBE
03:37:26438183 	333300010003	4437e6440c9e	86dd	60	00	0000	001e	11	01	fe	80	0000	00000000	70c08fce	ea35	8006	ff020000	00000000	0000	0000	0001	0003	c0	ef	14	eb	00	1e	74	9d	74	0b	00	00	00	01	00	00	00	00	00	00	04	77	70	61	64	00	00	01	00	01	NORMAL
03:37:26438407 	01005e0000fc	4437e6440c9e	080