04:28:01896537 	ffffffffffff	4437e6446377	0806	00	01	0800	0604	00	01	44	37	e644	6377c0a8	001e0000	0000	0000	c0a8002d	00000000	0000	0000	0000	0000	00	00	00	00	00	00	PROBE
04:28:01896555 	ffffffffffff	4437e6446377	0806	00	01	0800	0604	00	01	44	37	e644	6377c0a8	001e0000	0000	0000	c0a8002e	00000000	0000	0000	0000	0000	00	00	00	00	00	00	PROBE
04:28:01896559 	ffffffffffff	4437e6446377	0806	00	01	0800	0604	00	01	44	37	e644	6377c0a8	001e0000	0000	0000	c0a8002f	00000000	0000	0000	0000	0000	00	00	00	00	00	00	PROBE
04:28:01896562 	ffffffffffff	4437e6446377	0806	00	01	0800	0604	00	01	44	37	e644	6377c0a8	001e0000	0000	0000	c0a80030	00000000	0000	0000	0000	0000	00	00	00	00	00	00	PROBE
04:28:01896564 	ffffffffffff	4437e6446377	0806	00	01	0800	0604	00	01	44	37	e644	6377c0a8	001e0000	0000	0000	c0a80032	00000000	0000	0000	0000	0000	00	00	00	00	00	00	PROBE
04:28:01896567 	ffffffffffff	4437e6446377	0806	00	01	0800	0604	00	01	44	37	e644	6377c0a8	001e0000	0000	0000	c0a80033	00000000	0000	0000	0000	0000	00	00	00	00	00	00	PROBE
04:28:01896570 	ffffffffffff	4437e6446377	0806	00	01	0800	0604	00	01	44	37	e644	6377c0a8	001e0000	0000	0000	c0a80031	00000000	0000	0000	0000	0000	00	00	00	00	00	00	PROBE
04:28:01896574 	ffffffffffff	4437e6446377	0806	00	01	0800	0604	00	01	44	37	e644	6377c0a8	001e0000	0000	0000	c0a80037	00000000	0000	0000	0000	0000	00	00	00	00	00	00	PROBE
04:28:01896577 	ffffffffffff	4437e6446377	0806	00	01	0800	0604	00	01	44	37	e644	6377c0a8	001e0000	0000	0000	c0a80038	00000000	0000	0000	0000	0000	00	00	00	00	00	00	PROBE
04:28:01896579 	ffffffffffff	4437e6446377	0806	00	01	0800	0604	00	01	44	37	e644	6377c0a8	001e0000	0000	0000	c0a8003a	00000000	0000	0000	0000	0000	00	00	00	00	00	00	PROBE
04:28:01896582 	ffffffffffff	4437e6446377	0806	00	01	0800	0604	00	01	44	37	e644	6377c0a8	001e0000	0000	0000	c0a80039	00000000	0000	0000	0000	0000	00	00	00	00	00	00	PROBE
04:28:01896616 	ffffffffffff	4437e6446377	0806	00	01	0800	0604	00	01	44	37	e644	6377c0a8	001e0000	0000	0000	c0a80036	00000000	0000	0000	0000	0000	00	00	00	00	00	00	PROBE
04:28:01896623 	ffffffffffff	4437e6446377	0806	00	01	0800	0604	00	01	44	37	e644	6377c0a8	001e0000	0000	0000	c0a8003b	00000000	0000	0000	0000	0000	00	00	00	00	00	00	PROBE
04:28:01896626 	ffffffffffff	4437e6446377	0806	00	01	0800	0604	00	01	44	37	e644	6377c0a8	001e0000	0000	0000	c0a8003c	00000000	0000	0000	0000	0000	00	00	00	00	00	00	PROBE
04:28:01896629 	ffffffffffff	4437e6446377	0806	00	01	0800	0604	00	01	44	37	e644	6377c0a8	001e0000	0000	0000	c0a80035	00000000	0000	0000	0000	0000	00	00	00	00	00	00	PROBE
04:28:01896632 	ffffffffffff	4437e6446377	0806	00	01	0800	0604	00	01	44	37	e644	6377c0a8	001e0000	0000	0000	c0a80034	00000000	0000	0000	0000	0000	00	00	00	00	00	00	PROBE
04:28:01896635 	ffffffffffff	4437e6446377	0806	00	01	0800	0604	00	01	44	37	e644	6377c0a8	001e0000	0000	0000	c0a8003d	00000000	0000	0000	0000	0000	00	00	00	00	00	00	PROBE
04:28:01896638 	ffffffffffff	4437e6446377	0806	00	01	0800	0604	00	01	44	37	e644	6377c0a8	001e0000	0000	0000	c0a80045	00000000	0000	0000	0000	0000	00	00	00	00	00	00	PROBE
04:28:01896640 	ffffffffffff	4437e6446377	0806	00	01	0800	0604	00	01	44	37	e644	6377c0a8	001e0000	0000	0000	c0a80046	00000000	0000	0000	0000	0000	00	00	00	00	00	00	PROBE
04:28:01896643 	ffffffffffff	4437e6446377	0806	00	01	0800	0604	00	01	44	37	e644	6377c0a8	001e0000	0000	0000	c0a80040	00000000	0000	0000	0000	0000	00	00	00	00	00	00	PROBE
04:28:01896646 	ffffffffffff	4437e6446377	0806	00	01	0800	0604	00	01	44	37	e644	6377c0a8	001e0000	0000	0000	c0a8003f	00000000	0000	0000	0000	0000	00	00	00	00	00	00	PROBE
04:28:01896649 	ffffffffffff	4437e6446377	0806	00	01	0800	0604	00	01	44	37	e644	6377c0a8	001e0000	0000	0000	c0a8003e	00000000	0000	0000	0000	0000	00	00	00	00	00	00	PROBE
04:28:01896651 	ffffffffffff	4437e6446377	0806	00	01	0800	0604	00	01	44	37	e644	6377c0a8	001e0000	0000	0000	c0a80041	00000000	0000	0000	0000	0000	00	00	00	00	00	00	PROBE
04:28:01896654 	ffffffffffff	4437e6446377	0806	00	01	0800	0604	00	01	44	37	e644	6377c0a8	001e0000	0000	0000	c0a80042	00000000	0000	0000	0000	0000	00	00	00	00	00	00	PROBE
04:28:01896657 	ffffffffffff	4437e6446377	0806	00	01	0800	0604	00	01	44	37	e644	6377c0a8	001e0000	0000	0000	c0a80049	00000000	0000	0000	0000	0000	00	00	00	00	00	00	PROBE
04:28:01896660 	ffffffffffff	4437e6446377	0806	00	01	0800	0604	00	01	44	37	e644	6377c0a8	001e0000	0000	0000	c0a80043	00000000	0000	0000	0000	0000	00	00	00	00	00	00	PROBE
04:28:01896664 	ffffffffffff	4437e6446377	0806	00	01	0800	0604	00	01	44	37	e644	6377c0a8	001e0000	0000	0000	c0a80047	00000000	0000	0000	0000	0000	00	00	00	00	00	00	PROBE
04:28:01896666 	ffffffffffff	4437e6446377	0806	00	01	0800	0604	00	01	44	37	e644	6377c0a8	001e0000	0000	0000	c0a8004a	00000000	0000	0000	0000	0000	00	00	00	00	00	00	PROBE
04:28:01896669 	ffffffffffff	4437e6446377	0806	00	01	0800	0604	00	01	44	37	e644	6377c0a8	001e0000	0000	0000	c0a8004b	00000000	0000	0000	0000	0000	00	00	00	00	00	00	PROBE
04:28:01896672 	ffffffffffff	4437e6446377	0806	00	01	0800	0604	00	01	44	37	e644	6377c0a8	001e0000	0000	0000	c0a8004e	00000000	0000	0000	0000	0000	00	00	00	00	00	00	PROBE
04:28:01896675 	ffffffffffff	4437e6446377	0806	00	01	0800	0604	00	01	44	37	e644	6377c0a8	001e0000	0000	0000	c0a8004d	00000000	0000	0000	0000	0000	00	00	00	00	00	00	PROBE
04:28:01896678 	ffffffffffff	4437e6446377	0806	00	01	0800	0604	00	01	44	37	e644	6377c0a8	001e0000	0000	0000	c0a80048	00000000	0000	0000	0000	0000	00	00	00	00	00	00	PROBE
04:28:01896681 	ffffffffffff	4437e6446377	0806	00	01	0800	0604	00	01	44	37	e644	6377c0a8	001e0000	0000	0000	c0a8004c	00000000	0000	0000	0000	0000	00	00	00	00	00	00	PROBE
04:28:01896683 	ffffffffffff	4437e6446377	0806	00	01	0800	0604	00	01	44	37	e644	6377c0a8	001e0000	0000	0000	c0a8004f	00000000	0000	0000	0000	0000	00	00	00	00	00	00	PROBE
04:28:01896686 	ffffffffffff	4437e6446377	0806	00	01	0800	0604	00	01	44	37	e644	6377c0a8	001e0000	0000	0000	c0a80050	00000000	0000	0000	0000	0000	00	00	00	00	00	00	PROBE
04:28:01896689 	ffffffffffff	4437e6446377	0806	00	01	0800	0604	00	01	44	37	e644	6377c0a8	001e0000	0000	0000	c0a80044	00000000	0000	0000	0000	0000	00	00	00	00	00	00	PROBE
04:28:01896692 	ffffffffffff	4437e6446377	0806	00	01	0800	0604	00	01	44	37	e644	6377c0a8	001e0000	0000	0000	c0a80051	00000000	0000	0000	0000	0000	00	00	00	00	00	00	PROBE
04:28:01896695 	ffffffffffff	4437e6446377	0806	00	01	0800	0604	00	01	44	37	e644	6377c0a8	001e0000	0000	0000	c0a80052	00000000	0000	0000	0000	0000	00	00	00	00	00	00	PROBE
04:28:01896734 	ffffffffffff	4437e6446377	0806	00	01	0800	0604	00	01	44	37	e644	6377c0a8	001e0000	0000	0000	c0a80055	00000000	0000	0000	0000	0000	00	00	00	00	00	00	PROBE
04:28:01896740 	ffffffffffff	4437e6446377	0806	00	01	0800	0604	00	01	44	37	e644	6377c0a8	001e0000	0000	0000	c0a80053	00000000	0000	0000	0000	0000	00	00	00	00	00	00	PROBE
04:28:01896743 	ffffffffffff	4437e6446377	0806	00	01	0800	0604	00	01	44	37	e644	6377c0a8	001e0000	0000	0000	c0a80054	00000000	0000	0000	0000	0000	00	00	00	00	00	00	PROBE
04:28:01896745 	ffffffffffff	4437e6446377	0806	00	01	0800	0604	00	01	44	37	e644	6377c0a8	001e0000	0000	0000	c0a80056	00000000	0000	0000	0000	0000	00	00	00	00	00	00	PROBE
04:28:01902066 	ffffffffffff	4437e6446377	0806	00	01	0800	0604	00	01	44	37	e644	6377c0a8	001e0000	0000	0000	c0a80057	00000000	0000	0000	0000	0000	00	00	00	00	00	00	PROBE
04:28:01902075 	ffffffffffff	4437e6446377	0806	00	01	0800	0604	00	01	44	37	e644	6377c0a8	001e0000	0000	0000	c0a80059	00000000	0000	0000	0000	0000	00	00	00	00	00	00	PROBE
04:28:01902078 	ffffffffffff	4437e6446377	0806	00	01	0800	0604	00	01	44	37	e644	6377c0a8	001e0000	0000	0000	c0a80058	00000000	0000	0000	0000	0000	00	00	00	00	00	00	PROBE
04:28:01906317 	ffffffffffff	4437e6446377	0806	00	01	0800	0604	00	01	44	37	e644	6377c0a8	001e0000	0000	0000	c0a8005c	00000000	0000	0000	0000	0000	00	00	00	00	00	00	PROBE
04:28:01906326 	ffffffffffff	4437e6446377	0806	00	01	0800	0604	00	01	44	37	e644	6377c0a8	001e0000	0000	0000	c0a8005d	00000000	0000	0000	0000	0000	00	00	00	00	00	00	PROBE
04:28:01906329 	ffffffffffff	4437e6446377	0806	00	01	0800	0604	00	01	44	37	e644	6377c0a8	001e0000	0000	0000	c0a8005e	00000000	0000	0000	0000	0000	00	00	00	00	00	00	PROBE
04:28:01906657 	ffffffffffff	4437e6446377	0806	00	01	0800	0604	00	01	44	37	e644	6377c0a8	001e0000	0000	0000	c0a80060	00000000	0000	0000	0000	0000	00	00	00	00	00	00	PROBE
04:28:01906663 	ffffffffffff	4437e6446377	0806	00	01	0800	0604	00	01	44	37	e644	6377c0a8	001e0000	0000	0000	c0a8005f	00000000	0000	0000	0000	0000	00	00	00	00	00	00	PROBE
04:28:01919938 	ffffffffffff	4437e6446377	0806	00	01	0800	0604	00	01	44	37	e644	6377c0a8	001e0000	0000	0000	c0a80063	00000000	0000	0000	0000	0000	00	00	00	00	00	00	PROBE
04:28:01919957 	ffffffffffff	4437e6446377	0806	00	01	0800	0604	00	01	44	37	e644	6377c0a8	001e0000	0000	0000	c0a80062	00000000	0000	0000	0000	0000	00	00	00	00	00	00	PROBE
04:28:01919960 	ffffffffffff	4437e6446377	0806	00	01	0800	0604	00	01	44	37	e644	6377c0a8	001e0000	0000	0000	c0a8005b	00000000	0000	0000	0000	0000	00	00	00	00	00	00	PROBE
04:28:01919963 	ffffffffffff	4437e6446377	0806	00	01	0800	0604	00	01	44	37	e644	6377c0a8	001e0000	0000	0000	c0a80061	00000000	0000	0000	0000	0000	00	00	00	00	00	00	PROBE
04:28:01919966 	ffffffffffff	4437e6446377	0806	00	01	0800	0604	00	01	44	37	e644	6377c0a8	001e0000	0000	0000	c0a8005a	00000000	0000	0000	0000	0000	00	00	00	00	00	00	PROBE
04:28:01920101 	ffffffffffff	4437e6446377	0806	00	01	0800	0604	00	01	44	37	e644	6377c0a8	001e0000	0000	0000	c0a80065	00000000	0000	0000	0000	0000	00	00	00	00	00	00	PROBE
04:28:01920108 	ffffffffffff	4437e6446377	0806	00	01	0800	0604	00	01	44	37	e644	6377c0a8	001e0000	0000	0000	c0a80066	00000000	0000	0000	0000	0000	00	00	00	00	00	00	PROBE
04:28:01920270 	ffffffffffff	4437e6446377	0806	00	01	0800	0604	00	01	44	37	e644	6377c0a8	001e0000	0000	0000	c0a80067	00000000	0000	0000	0000	0000	00	00	00	00	00	00	PROBE
04:28:01920275 	ffffffffffff	4437e6446377	0806	00	01	0800	0604	00	01	44	37	e644	6377c0a8	001e0000	0000	0000	c0a80064	00000000	0000	0000	0000	0000	00	00	00	00	00	00	PROBE
04:28:01920967 	ffffffffffff	4437e6446377	0806	00	01	0800	0604	00	01	44	37	e644	6377c0a8	001e0000	0000	0000	c0a8006f	00000000	0000	0000	0000	0000	00	00	00	00	00	00	PROBE
04:28:01920973 	ffffffffffff	4437e6446377	0806	00	01	0800	0604	00	01	44	37	e644	6377c0a8	001e0000	0000	0000	c0a8006e	00000000	0000	0000	0000	0000	00	00	00	00	00	00	PROBE
04:28:01920976 	ffffffffffff	4437e6446377	0806	00	01	0800	0604	00	01	44	37	e644	6377c0a8	001e0000	0000	0000	c0a8006d	00000000	0000	0000	0000	0000	00	00	00	00	00	00	PROBE
04:28:01921118 	ffffffffffff	4437e6446377	0806	00	01	0800	0604	00	01	44	37	e644	6377c0a8	001e0000	0000	0000	c0a8006c	00000000	0000	0000	0000	0000	00	00	00	00	00	00	PROBE
04:28:01921124 	ffffffffffff	4437e6446377	0806	00	01	0800	0604	00	01	44	37	e644	6377c0a8	001e0000	0000	0000	c0a8006b	00000000	0000	0000	0000	0000	00	00	00	00	00	00	PROBE
04:28:01921127 	ffffffffffff	4437e6446377	0806	00	01	0800	0604	00	01	44	37	e644	6377c0a8	001e0000	0000	0000	c0a80069	00000000	0000	0000	0000	0000	00	00	00	00	00	00	PROBE
04:28:01921265 	ffffffffffff	4437e6446377	0806	00	01	0800	0604	00	01	44	37	e644	6377c0a8	001e0000	0000	0000	c0a8006a	00000000	0000	0000	0000	0000	00	00	00	00	00	00	PROBE
04:28:01921271 	ffffffffffff	4437e6446377	0806	00	01	0800	0604	00	01	44	37	e644	6377c0a8	001e0000	0000	0000	c0a80068	00000000	0000	0000	0000	0000	00	00	00	00	00	00	PROBE
04:28:01921274 	ffffffffffff	4437e6446377	0806	00	01	0800	0604	00	01	44	37	e644	6377c0a8	001e0000	0000	0000	c0a80070	00000000	0000	0000	0000	0000	00	00	00	00	00	00	PROBE
04:28:01921276 	ffffffffffff	4437e6446377	0806	00	01	0800	0604	00	01	44	37	e644	6377c0a8	001e0000	0000	0000	c0a80071	00000000	0000	0000	0000	0000	00	00	00	00	00	00	PROBE
04:28:01921422 	ffffffffffff	4437e6446377	0806	00	01	0800	0604	00	01	44	37	e644	6377c0a8	001e0000	0000	0000	c0a80073	00000000	0000	0000	0000	0000	00	00	00	00	00	00	PROBE
04:28:01921428 	ffffffffffff	4437e6446377	0806	00	01	0800	0604	00	01	44	37	e644	6377c0a8	001e0000	0000	0000	c0a8007f	00000000	0000	0000	0000	0000	00	00	00	00	00	00	PROBE
04:28:01921430 	ffffffffffff	4437e6446377	0806	00	01	0800	0604	00	01	44	37	e644	6377c0a8	001e0000	0000	0000	c0a80079	00000000	0000	0000	0000	0000	00	00	00	00	00	00	PROBE
04:28:01921434 	ffffffffffff	4437e6446377	0806	00	01	0800	0604	00	01	44	37	e644	6377c0a8	001e0000	0000	0000	c0a8007e	00000000	0000	0000	0000	0000	00	00	00	00	00	00	PROBE
04:28:01921436 	ffffffffffff	4437e6446377	0806	00	01	0800	0604	00	01	44	37	e644	6377c0a8	001e0000	0000	0000	c0a80072	00000000	0000	0000	0000	0000	00	00	00	00	00	00	PROBE
04:28:01921439 	ffffffffffff	4437e6446377	0806	00	01	0800	0604	00	01	44	37	e644	6377c0a8	001e0000	0000	0000	c0a80075	00000000	0000	0000	0000	0000	00	00	00	00	00	00	PROBE
04:28:01921442 	ffffffffffff	4437e6446377	0806	00	01	0800	0604	00	01	44	37	e644	6377c0a8	001e0000	0000	0000	c0a8007d	00000000	0000	0000	0000	0000	00	00	00	00	00	00	PROBE
04:28:01921589 	ffffffffffff	4437e6446377	0806	00	01	0800	0604	00	01	44	37	e644	6377c0a8	001e0000	0000	0000	c0a8007c	00000000	0000	0000	0000	0000	00	00	00	00	00	00	PROBE
04:28:01921595 	ffffffffffff	4437e6446377	0806	00	01	0800	0604	00	01	44	37	e644	6377c0a8	001e0000	0000	0000	c0a8007b	00000000	0000	0000	0000	0000	00	00	00	00	00	00	PROBE
04:28:01921598 	ffffffffffff	4437e6446377	0806	00	01	0800	0604	00	01	44	37	e644	6377c0a8	001e0000	0000	0000	c0a8007a	00000000	0000	0000	0000	0000	00	00	00	00	00	00	PROBE
04:28:01921601 	ffffffffffff	4437e6446377	0806	00	01	0800	0604	00	01	44	37	e644	6377c0a8	001e0000	0000	0000	c0a80078	00000000	0000	0000	0000	0000	00	00	00	00	00	00	PROBE
04:28:01921604 	ffffffffffff	4437e6446377	0806	00	01	0800	0604	00	01	44	37	e644	6377c0a8	001e0000	0000	0000	c0a80077	00000000	0000	0000	0000	0000	00	00	00	00	00	00	PROBE
04:28:01921607 	ffffffffffff	4437e6446377	0806	00	01	0800	0604	00	01	44	37	e644	6377c0a8	001e0000	0000	0000	c0a80076	00000000	0000	0000	0000	0000	00	00	00	00	00	00	PROBE
04:28:01921744 	ffffffffffff	4437e6446377	0806	00	01	0800	0604	00	01	44	37	e644	6377c0a8	001e0000	0000	0000	c0a80080	00000000	0000	0000	0000	0000	00	00	00	00	00	00	PROBE
04:28:01921749 	ffffffffffff	4437e6446377	0806	00	01	0800	0604	00	01	44	37	e644	6377c0a8	001e0000	0000	0000	c0a80074	00000000	0000	0000	0000	0000	00	00	00	00	00	00	PROBE
04:28:02896609 	ffffffffffff	4437e6446377	0806	00	01	0800	0604	00	01	44	37	e644	6377c0a8	001e0000	0000	0000	c0a80057	00000000	0000	0000	0000	0000	00	00	00	00	00	00	PROBE
04:28:02896627 	ffffffffffff	4437e6446377	0806	00	01	0800	0604	00	01	44	37	e644	6377c0a8	001e0000	0000	0000	c0a80059	00000000	0000	0000	0000	0000	00	00	00	00	00	00	PROBE
04:28:02896630 	ffffffffffff	4437e6446377	0806	00	01	0800	0604	00	01	44	37	e644	6377c0a8	001e0000	0000	0000	c0a80058	00000000	0000	0000	0000	0000	00	00	00	00	00	00	PROBE
04:28:02896633 	ffffffffffff	4437e6446377	0806	00	01	0800	0604	00	01	44	37	e644	6377c0a8	001e0000	0000	0000	c0a8005c	00000000	0000	0000	0000	0000	00	00	00	00	00	00	PROBE
04:28:02896636 	ffffffffffff	4437e6446377	0806	00	01	0800	0604	00	01	44	37	e644	6377c0a8	001e0000	0000	0000	c0a8005d	00000000	0000	0000	0000	0000	00	00	00	00	00	00	PROBE
04:28:02896639 	ffffffffffff	4437e6446377	0806	00	01	0800	0604	00	01	44	37	e644	6377c0a8	001e0000	0000	0000	c0a8005e	00000000	0000	0000	0000	0000	00	00	00	00	00	00	PROBE
04:28:02896642 	ffffffffffff	4437e6446377	0806	00	01	0800	0604	00	01	44	37	e644	6377c0a8	001e0000	0000	0000	c0a80060	00000000	0000	0000	0000	0000	00	00	00	00	00	00	PROBE
04:28:02896645 	ffffffffffff	4437e6446377	0806	00	01	0800	0604	00	01	44	37	e644	6377c0a8	001e0000	0000	0000	c0a8005f	00000000	0000	0000	0000	0000	00	00	00	00	00	00	PROBE
04:28:02896648 	ffffffffffff	4437e6446377	0806	00	01	0800	0604	00	01	44	37	e644	6377c0a8	001e0000	0000	0000	c0a80063	00000000	0000	0000	0000	0000	00	00	00	00	00	00	PROBE
04:28:02896651 	ffffffffffff	4437e6446377	0806	00	01	0800	0604	00	01	44	37	e644	6377c0a8	001e0000	0000	0000	c0a80062	00000000	0000	0000	0000	0000	00	00	00	00	00	00	PROBE
04:28:02896681 	ffffffffffff	4437e6446377	0806	00	01	0800	0604	00	01	44	37	e644	6377c0a8	001e0000	0000	0000	c0a8005b	00000000	0000	0000	0000	0000	00	00	00	00	00	00	PROBE
04:28:02896687 	ffffffffffff	4437e6446377	0806	00	01	0800	0604	00	01	44	37	e644	6377c0a8	001e0000	0000	0000	c0a80061	00000000	0000	0000	0000	0000	00	00	00	00	00	00	PROBE
04:28:02896691 	ffffffffffff	4437e6446377	0806	00	01	0800	0604	00	01	44	37	e644	6377c0a8	001e0000	0000	0000	c0a8005a	00000000	0000	0000	0000	0000	00	00	00	00	00	00	PROBE
04:28:02896693 	ffffffffffff	4437e6446377	0806	00	01	0800	0604	00	01	44	37	e644	6377c0a8	001e0000	0000	0000	c0a80065	00000000	0000	0000	0000	0000	00	00	00	00	00	00	PROBE
04:28:02896696 	ffffffffffff	4437e6446377	0806	00	01	0800	0604	00	01	44	37	e644	6377c0a8	001e0000	0000	0000	c0a80066	00000000	0000	0000	0000	0000	00	00	00	00	00	00	PROBE
04:28:02896699 	ffffffffffff	4437e6446377	0806	00	01	0800	0604	00	01	44	37	e644	6377c0a8	001e0000	0000	0000	c0a80067	00000000	0000	0000	0000	0000	00	00	00	00	00	00	PROBE
04:28:02896702 	ffffffffffff	4437e6446377	0806	00	01	0800	0604	00	01	44	37	e644	6377c0a8	001e0000	0000	0000	c0a80064	00000000	0000	0000	0000	0000	00	00	00	00	00	00	PROBE
04:28:02896705 	ffffffffffff	4437e6446377	0806	00	01	0800	0604	00	01	44	37	e644	6377c0a8	001e0000	0000	0000	c0a8006f	00000000	0000	0000	0000	0000	00	00	00	00	00	00	PROBE
04:28:02896707 	ffffffffffff	4437e6446377	0806	00	01	0800	0604	00	01	44	37	e644	6377c0a8	001e0000	0000	0000	c0a8006e	00000000	0000	0000	0000	0000	00	00	00	00	00	00	PROBE
04:28:02896710 	ffffffffffff	4437e6446377	0806	00	01	0800	0604	00	01	44	37	e644	6377c0a8	001e0000	0000	0000	c0a8006d	00000000	0000	0000	0000	0000	00	00	00	00	00	00	PROBE
04:28:02896713 	ffffffffffff	4437e6446377	0806	00	01	0800	0604	00	01	44	37	e644	6377c0a8	001e0000	0000	0000	c0a8006c	00000000	0000	0000	0000	0000	00	00	00	00	00	00	PROBE
04:28:02896716 	ffffffffffff	4437e6446377	0806	00	01	0800	0604	00	01	44	37	e644	6377c0a8	001e0000	0000	0000	c0a8006b	00000000	0000	0000	0000	0000	00	00	00	00	00	00	PROBE
04:28:02896718 	ffffffffffff	4437e6446377	0806	00	01	0800	0604	00	01	44	37	e644	6377c0a8	001e0000	0000	0000	c0a80069	00000000	0000	0000	0000	0000	00	00	00	00	00	00	PROBE
04:28:02896721 	ffffffffffff	4437e6446377	0806	00	01	0800	0604	00	01	44	37	e644	6377c0a8	001e0000	0000	0000	c0a8006a	00000000	0000	0000	0000	0000	00	00	00	00	00	00	PROBE
04:28:02896724 	ffffffffffff	4437e6446377	0806	00	01	0800	0604	00	01	44	37	e644	6377c0a8	001e0000	0000	0000	c0a80068	00000000	0000	0000	0000	0000	00	00	00	00	00	00	PROBE
04:28:02896727 	ffffffffffff	4437e6446377	0806	00	01	0800	0604	00	01	44	37	e644	6377c0a8	001e0000	0000	0000	c0a80070	00000000	0000	0000	0000	0000	00	00	00	00	00	00	PROBE
04:28:02896729 	ffffffffffff	4437e6446377	0806	00	01	0800	0604	00	01	44	37	e644	6377c0a8	001e0000	0000	0000	c0a80071	00000000	0000	0000	0000	0000	00	00	00	00	00	00	PROBE
04:28:02896732 	ffffffffffff	4437e6446377	0806	00	01	0800	0604	00	01	44	37	e644	6377c0a8	001e0000	0000	0000	c0a80073	00000000	0000	0000	0000	0000	00	00	00	00	00	00	PROBE
04:28:02896735 	ffffffffffff	4437e6446377	0806	00	01	0800	0604	00	01	44	37	e644	6377c0a8	001e0000	0000	0000	c0a8007f	00000000	0000	0000	0000	0000	00	00	00	00	00	00	PROBE
04:28:02896738 	ffffffffffff	4437e6446377	0806	00	01	0800	0604	00	01	44	37	e644	6377c0a8	001e0000	0000	0000	c0a80079	00000000	0000	0000	0000	0000	00	00	00	00	00	00	PROBE
04:28:02896740 	ffffffffffff	4437e6446377	0806	00	01	0800	0604	00	01	44	37	e644	6377c0a8	001e0000	0000	0000	c0a8007e	00000000	0000	0000	0000	0000	00	00	00	00	00	00	PROBE
04:28:02896743 	ffffffffffff	4437e6446377	0806	00	01	0800	0604	00	01	44	37	e644	6377c0a8	001e0000	0000	0000	c0a80072	00000000	0000	0000	0000	0000	00	00	00	00	00	00	PROBE
04:28:02896746 	ffffffffffff	4437e6446377	0806	00	01	0800	0604	00	01	44	37	e644	6377c0a8	001e0000	0000	0000	c0a80075	00000000	0000	0000	0000	0000	00	00	00	00	00	00	PROBE
04:28:02896767 	ffffffffffff	4437e6446377	0806	00	01	0800	0604	00	01	44	37	e644	6377c0a8	001e0000	0000	0000	c0a8007d	00000000	0000	0000	0000	0000	00	00	00	00	00	00	PROBE
04:28:02896772 	ffffffffffff	4437e6446377	0806	00	01	0800	0604	00	01	44	37	e644	6377c0a8	001e0000	0000	0000	c0a8007c	00000000	0000	0000	0000	0000	00	00	00	00	00	00	PROBE
04:28:02896775 	ffffffffffff	4437e6446377	0806	00	01	0800	0604	00	01	44	37	e644	6377c0a8	001e0000	0000	0000	c0a8007b	00000000	0000	0000	0000	0000	00	00	00	00	00	00	PROBE
04:28:02896778 	ffffffffffff	4437e6446377	0806	00	01	0800	0604	00	01	44	37	e644	6377c0a8	001e0000	0000	0000	c0a8007a	00000000	0000	0000	0000	0000	00	00	00	00	00	00	PROBE
04:28:02896780 	ffffffffffff	4437e6446377	0806	00	01	0800	0604	00	01	44	37	e644	6377c0a8	001e0000	0000	0000	c0a80078	00000000	0000	0000	0000	0000	00	00	00	00	00	00	PROBE
04:28:02896783 	ffffffffffff	4437e6446377	0806	00	01	0800	0604	00	01	44	37	e644	6377c0a8	001e0000	0000	0000	c0a80077	00000000	0000	0000	0000	0000	00	00	00	00	00	00	PROBE
04:28:02896786 	ffffffffffff	4437e6446377	0806	00	01	0800	0604	00	01	44	37	e644	6377c0a8	001e0000	0000	0000	c0a80076	00000000	0000	0000	0000	0000	00	00	00	00	00	00	PROBE
04:28:02896789 	ffffffffffff	4437e6446377	0806	00	01	0800	0604	00	01	44	37	e644	6377c0a8	001e0000	0000	0000	c0a80080	00000000	0000	0000	0000	0000	00	00	00	00	00	00	PROBE
04:28:02896792 	ffffffffffff	4437e6446377	0806	00	01	0800	0604	00	01	44	37	e644	6377c0a8	001e0000	0000	0000	c0a80074	00000000	0000	0000	0000	0000	00	00	00	00	00	00	PROBE
04:28:03896624 	ffffffffffff	4437e6446377	0806	00	01	0800	0604	00	01	44	37	e644	6377c0a8	001e0000	0000	0000	c0a80057	00000000	0000	0000	0000	0000	00	00	00	00	00	00	PROBE
04:28:03896643 	ffffffffffff	4437e6446377	0806	00	01	0800	0604	00	01	44	37	e644	6377c0a8	001e0000	0000	0000	c0a80059	00000000	0000	0000	0000	0000	00	00	00	00	00	00	PROBE
04:28:03896645 	ffffffffffff	4437e6446377	0806	00	01	0800	0604	00	01	44	37	e644	6377c0a8	001e0000	0000	0000	c0a80058	00000000	0000	0000	0000	0000	00	00	00	00	00	00	PROBE
04:28:03896648 	ffffffffffff	4437e6446377	0806	00	01	0800	0604	00	01	44	37	e644	6377c0a8	001e0000	0000	0000	c0a8005c	00000000	0000	0000	0000	0000	00	00	00	00	00	00	PROBE
04:28:03896651 	ffffffffffff	4437e6446377	0806	00	01	0800	0604	00	01	44	37	e644	6377c0a8	001e0000	0000	0000	c0a8005d	00000000	0000	0000	0000	0000	00	00	00	00	00	00	PROBE
04:28:03896654 	ffffffffffff	4437e6446377	0806	00	01	0800	0604	00	01	44	37	e644	6377c0a8	001e0000	0000	0000	c0a8005e	00000000	0000	0000	0000	0000	00	00	00	00	00	00	PROBE
04:28:03896656 	ffffffffffff	4437e6446377	0806	00	01	0800	0604	00	01	44	37	e644	6377c0a8	001e0000	0000	0000	c0a80060	00000000	0000	0000	0000	0000	00	00	00	00	00	00	PROBE
04:28:03896660 	ffffffffffff	4437e6446377	0806	00	01	0800	0604	00	01	44	37	e644	6377c0a8	001e0000	0000	0000	c0a8005f	00000000	0000	0000	0000	0000	00	00	00	00	00	00	PROBE
04:28:03896663 	ffffffffffff	4437e6446377	0806	00	01	0800	0604	00	01	44	37	e644	6377c0a8	001e0000	0000	0000	c0a80063	00000000	0000	0000	0000	0000	00	00	00	00	00	00	PROBE
04:28:03896665 	ffffffffffff	4437e6446377	0806	00	01	0800	0604	00	01	44	37	e644	6377c0a8	001e0000	0000	0000	c0a80062	00000000	0000	0000	0000	0000	00	00	00	00	00	00	PROBE
04:28:03896668 	ffffffffffff	4437e6446377	0806	00	01	0800	0604	00	01	44	37	e644	6377c0a8	001e0000	0000	0000	c0a8005b	00000000	0000	0000	0000	0000	00	00	00	00	00	00	PROBE
04:28:03896700 	ffffffffffff	4437e6446377	0806	00	01	0800	0604	00	01	44	37	e644	6377c0a8	001e0000	0000	0000	c0a80061	00000000	0000	0000	0000	0000	00	00	00	00	00	00	PROBE
04:28:03896707 	ffffffffffff	4437e6446377	0806	00	01	0800	0604	00	01	44	37	e644	6377c0a8	001e0000	0000	0000	c0a8005a	00000000	0000	0000	0000	0000	00	00	00	00	00	00	PROBE
04:28:03896710 	ffffffffffff	4437e6446377	0806	00	01	0800	0604	00	01	44	37	e644	6377c0a8	001e0000	0000	0000	c0a80065	00000000	0000	0000	0000	0000	00	00	00	00	00	00	PROBE
04:28:03896713 	ffffffffffff	4437e6446377	0806	00	01	0800	0604	00	01	44	37	e644	6377c0a8	001e0000	0000	0000	c0a80066	00000000	0000	0000	0000	0000	00	00	00	00	00	00	PROBE
04:28:03896716 	ffffffffffff	4437e6446377	0806	00	01	0800	0604	00	01	44	37	e644	6377c0a8	001e0000	0000	0000	c0a80067	00000000	0000	0000	0000	0000	00	00	00	00	00	00	PROBE
04:28:03896718 	ffffffffffff	4437e6446377	0806	00	01	0800	0604	00	01	44	37	e644	6377c0a8	001e0000	0000	0000	c0a80064	00000000	0000	0000	0000	0000	00	00	00	00	00	00	PROBE
04:28:03896721 	ffffffffffff	4437e6446377	0806	00	01	0800	0604	00	01	44	37	e644	6377c0a8	001e0000	0000	0000	c0a8006f	00000000	0000	0000	0000	0000	00	00	00	00	00	00	PROBE
04:28:03896724 	ffffffffffff	4437e6446377	0806	00	01	0800	0604	00	01	44	37	e644	6377c0a8	001e0000	0000	0000	c0a8006e	00000000	0000	0000	0000	0000	00	00	00	00	00	00	PROBE
04:28:03896727 	ffffffffffff	4437e6446377	0806	00	01	0800	0604	00	01	44	37	e644	6377c0a8	001e0000	0000	0000	c0a8006d	00000000	0000	0000	0000	0000	00	00	00	00	00	00	PROBE
04:28:03896729 	ffffffffffff	4437e6446377	0806	00	01	0800	0604	00	01	44	37	e644	6377c0a8	001e0000	0000	0000	c0a8006c	00000000	0000	0000	0000	0000	00	00	00	00	00	00	PROBE
04:28:03896732 	ffffffffffff	4437e6446377	0806	00	01	0800	0604	00	01	44	37	e644	6377c0a8	001e0000	0000	0000	c0a8006b	00000000	0000	0000	0000	0000	00	00	00	00	00	00	PROBE
04:28:03896735 	ffffffffffff	4437e6446377	0806	00	01	0800	0604	00	01	44	37	e644	6377c0a8	001e0000	0000	0000	c0a80069	00000000	0000	0000	0000	0000	00	00	00	00	00	00	PROBE
04:28:03896738 	ffffffffffff	4437e6446377	0806	00	01	0800	0604	00	01	44	37	e644	6377c0a8	001e0000	0000	0000	c0a8006a	00000000	0000	0000	0000	0000	00	00	00	00	00	00	PROBE
04:28:03896740 	ffffffffffff	4437e6446377	0806	00	01	0800	0604	00	01	44	37	e644	6377c0a8	001e0000	0000	0000	c0a80068	00000000	0000	0000	0000	0000	00	00	00	00	00	00	PROBE
04:28:03896743 	ffffffffffff	4437e6446377	0806	00	01	0800	0604	00	01	44	37	e644	6377c0a8	001e0000	0000	0000	c0a80070	00000000	0000	0000	0000	0000	00	00	00	00	00	00	PROBE
04:28:03896746 	ffffffffffff	4437e6446377	0806	00	01	0800	0604	00	01	44	37	e644	6377c0a8	001e0000	0000	0000	c0a80071	00000000	0000	0000	0000	0000	00	00	00	00	00	00	PROBE
04:28:03896748 	ffffffffffff	4437e6446377	0806	00	01	0800	0604	00	01	44	37	e644	6377c0a8	001e0000	0000	0000	c0a80073	00000000	0000	0000	0000	0000	00	00	00	00	00	00	PROBE
04:28:03896751 	ffffffffffff	4437e6446377	0806	00	01	0800	0604	00	01	44	37	e644	6377c0a8	001e0000	0000	0000	c0a8007f	00000000	0000	0000	0000	0000	00	00	00	00	00	00	PROBE
04:28:03896754 	ffffffffffff	4437e6446377	0806	00	01	0800	0604	00	01	44	37	e644	6377c0a8	001e0000	0000	0000	c0a80079	00000000	0000	0000	0000	0000	00	00	00	00	00	00	PROBE
04:28:03896757 	ffffffffffff	4437e6446377	0806	00	01	0800	0604	00	01	44	37	e644	6377c0a8	001e0000	0000	0000	c0a8007e	00000000	0000	0000	0000	0000	00	00	00	00	00	00	PROBE
04:28:03896759 	ffffffffffff	4437e6446377	0806	00	01	0800	0604	00	01	44	37	e644	6377c0a8	001e0000	0000	0000	c0a80072	00000000	0000	0000	0000	0000	00	00	00	00	00	00	PROBE
04:28:03896762 	ffffffffffff	4437e6446377	0806	00	01	0800	0604	00	01	44	37	e644	6377c0a8	001e0000	0000	0000	c0a80075	00000000	0000	0000	0000	0000	00	00	00	00	00	00	PROBE
04:28:03896765 	ffffffffffff	4437e6446377	0806	00	01	0800	0604	00	01	44	37	e644	6377c0a8	001e0000	0000	0000	c0a8007d	00000000	0000	0000	0000	0000	00	00	00	00	00	00	PROBE
04:28:03896768 	ffffffffffff	4437e6446377	0806	00	01	0800	0604	00	01	44	37	e644	6377c0a8	001e0000	0000	0000	c0a8007c	00000000	0000	0000	0000	0000	00	00	00	00	00	00	PROBE
04:28:03896770 	ffffffffffff	4437e6446377	0806	00	01	0800	0604	00	01	44	37	e644	6377c0a8	001e0000	0000	0000	c0a8007b	00000000	0000	0000	0000	0000	00	00	00	00	00	00	PROBE
04:28:03896820 	ffffffffffff	4437e6446377	0806	00	01	0800	0604	00	01	44	37	e644	6377c0a8	001e0000	0000	0000	c0a8007a	00000000	0000	0000	0000	0000	00	00	00	00	00	00	PROBE
04:28:03896825 	ffffffffffff	4437e6446377	0806	00	01	0800	0604	00	01	44	37	e644	6377c0a8	001e0000	0000	0000	c0a80078	00000000	0000	0000	0000	0000	00	00	00	00	00	00	PROBE
04:28:03896828 	ffffffffffff	4437e6446377	0806	00	01	0800	0604	00	01	44	37	e644	6377c0a8	001e0000	0000	0000	c0a80077	00000000	0000	0000	0000	0000	00	00	00	00	00	00	PROBE
04:28:03896830 	ffffffffffff	4437e6446377	0806	00	01	0800	0604	00	01	44	37	e644	6377c0a8	001e0000	0000	0000	c0a80076	00000000	0000	0000	0000	0000	00	00	00	00	00	00	PROBE
04:28:03896833 	ffffffffffff	4437e6446377	0806	00	01	0800	0604	00	01	44	37	e644	6377c0a8	001e0000	0000	0000	c0a80080	00000000	0000	0000	0000	0000	00	00	00	00	00	00	PROBE
04:28:03896836 	ffffffffffff	4437e6446377	0806	00	01	0800	0604	00	01	44	37	e644	6377c0a8	001e0000	0000	0000	c0a80074	00000000	0000	0000	0000	0000	00	00	00	00	00	00	PROBE
04:28:03905624 	ffffffffffff	4437e6446377	0806	00	01	0800	0604	00	01	44	37	e644	6377c0a8	001e0000	0000	0000	c0a80081	00000000	0000	0000	0000	0000	00	00	00	00	00	00	PROBE
04:28:03906020 	ffffffffffff	4437e6446377	0806	00	01	0800	0604	00	01	44	37	e644	6377c0a8	001e0000	0000	0000	c0a80082	00000000	0000	0000	0000	0000	00	00	00	00	00	00	PROBE
04:28:03907063 	ffffffffffff	4437e6446377	0806	00	01	0800	0604	00	01	44	37	e644	6377c0a8	001e0000	0000	0000	c0a80083	00000000	0000	0000	0000	0000	00	00	00	00	00	00	PROBE
04:28:03909546 	ffffffffffff	4437e6446377	0806	00	01	0800	0604	00	01	44	37	e644	6377c0a8	001e0000	0000	0000	c0a80084	00000000	0000	0000	0000	0000	00	00	00	00	00	00	PROBE
04:28:03909554 	ffffffffffff	4437e6446377	0806	00	01	0800	0604	00	01	44	37	e644	6377c0a8	001e0000	0000	0000	c0a80086	00000000	0000	0000	0000	0000	00	00	00	00	00	00	PROBE
04:28:03909698 	ffffffffffff	4437e6446377	0806	00	01	0800	0604	00	01	44	37	e644	6377c0a8	001e0000	0000	0000	c0a80087	00000000	0000	0000	0000	0000	00	00	00	00	00	00	PROBE
04:28:03909703 	ffffffffffff	4437e6446377	0806	00	01	0800	0604	00	01	44	37	e644	6377c0a8	001e0000	0000	0000	c0a80088	00000000	0000	0000	0000	0000	00	00	00	00	00	00	PROBE
04:28:03909871 	ffffffffffff	4437e6446377	0806	00	01	0800	0604	00	01	44	37	e644	6377c0a8	001e0000	0000	0000	c0a80089	00000000	0000	0000	0000	0000	00	00	00	00	00	00	PROBE
04:28:03909876 	ffffffffffff	4437e6446377	0806	00	01	0800	0604	00	01	44	37	e644	6377c0a8	001e0000	0000	0000	c0a8008a	00000000	0000	0000	0000	0000	00	00	00	00	00	00	PROBE
04:28:03909880 	ffffffffffff	4437e6446377	0806	00	01	0800	0604	00	01	44	37	e644	6377c0a8	001e0000	0000	0000	c0a8008b	00000000	0000	0000	0000	0000	00	00	00	00	00	00	PROBE
04:28:03909882 	ffffffffffff	4437e6446377	0806	00	01	0800	0604	00	01	44	37	e644	6377c0a8	001e0000	0000	0000	c0a80085	00000000	0000	0000	0000	0000	00	00	00	00	00	00	PROBE
04:28:03909885 	ffffffffffff	4437e6446377	0806	00	01	0800	0604	00	01	44	37	e644	6377c0a8	001e0000	0000	0000	c0a8008d	00000000	0000	0000	0000	0000	00	00	00	00	00	00	PROBE
04:28:03910234 	ffffffffffff	4437e6446377	0806	00	01	0800	0604	00	01	44	37	e644	6377c0a8	001e0000	0000	0000	c0a8008f	00000000	0000	0000	0000	0000	00	00	00	00	00	00	PROBE
04:28:03910240 	ffffffffffff	4437e6446377	0806	00	01	0800	0604	00	01	44	37	e644	6377c0a8	001e0000	0000	0000	c0a8008e	00000000	0000	0000	0000	0000	00	00	00	00	00	00	PROBE
04:28:03910243 	ffffffffffff	4437e6446377	0806	00	01	0800	0604	00	01	44	37	e644	6377c0a8	001e0000	0000	0000	c0a8008c	00000000	0000	0000	0000	0000	00	00	00	00	00	00	PROBE
04:28:03920685 	ffffffffffff	4437e6446377	0806	00	01	0800	0604	00	01	44	37	e644	6377c0a8	001e0000	0000	0000	c0a80090	00000000	0000	0000	0000	0000	00	00	00	00	00	00	PROBE
04:28:03920698 	ffffffffffff	4437e6446377	0806	00	01	0800	0604	00	01	44	37	e644	6377c0a8	001e0000	0000	0000	c0a80093	00000000	0000	0000	0000	0000	00	00	00	00	00	00	PROBE
04:28:03920858 	ffffffffffff	4437e6446377	0806	00	01	0800	0604	00	01	44	37	e644	6377c0a8	001e0000	0000	0000	c0a80094	00000000	0000	0000	0000	0000	00	00	00	00	00	00	PROBE
04:28:03920864 	ffffffffffff	4437e6446377	0806	00	01	0800	0604	00	01	44	37	e644	6377c0a8	001e0000	0000	0000	c0a80096	00000000	0000	0000	0000	0000	00	00	00	00	00	00	PROBE
04:28:03920867 	ffffffffffff	4437e6446377	0806	00	01	0800	0604	00	01	44	37	e644	6377c0a8	001e0000	0000	0000	c0a80091	00000000	0000	0000	0000	0000	00	00	00	00	00	00	PROBE
04:28:03920870 	ffffffffffff	4437e6446377	0806	00	01	0800	0604	00	01	44	37	e644	6377c0a8	001e0000	0000	0000	c0a80095	00000000	0000	0000	0000	0000	00	00	00	00	00	00	PROBE
04:28:03921007 	ffffffffffff	4437e6446377	0806	00	01	0800	0604	00	01	44	37	e644	6377c0a8	001e0000	0000	0000	c0a80092	00000000	0000	0000	0000	0000	00	00	00	00	00	00	PROBE
04:28:03921655 	ffffffffffff	4437e6446377	0806	00	01	0800	0604	00	01	44	37	e644	6377c0a8	001e0000	0000	0000	c0a800a3	00000000	0000	0000	0000	0000	00	00	00	00	00	00	PROBE
04:28:03921662 	ffffffffffff	4437e6446377	0806	00	01	0800	0604	00	01	44	37	e644	6377c0a8	001e0000	0000	0000	c0a80097	00000000	0000	0000	0000	0000	00	00	00	00	00	00	PROBE
04:28:03921665 	ffffffffffff	4437e6446377	0806	00	01	0800	0604	00	01	44	37	e644	6377c0a8	001e0000	0000	0000	c0a800a4	00000000	0000	0000	0000	0000	00	00	00	00	00	00	PROBE
04:28:03921668 	ffffffffffff	4437e6446377	0806	00	01	0800	0604	00	01	44	37	e644	6377c0a8	001e0000	0000	0000	c0a800a1	00000000	0000	0000	0000	0000	00	00	00	00	00	00	PROBE
04:28:03921804 	ffffffffffff	4437e6446377	0806	00	01	0800	0604	00	01	44	37	e644	6377c0a8	001e0000	0000	0000	c0a8009e	00000000	0000	0000	0000	0000	00	00	00	00	00	00	PROBE
04:28:03921810 	ffffffffffff	4437e6446377	0806	00	01	0800	0604	00	01	44	37	e644	6377c0a8	001e0000	0000	0000	c0a800a2	00000000	0000	0000	0000	0000	00	00	00	00	00	00	PROBE
04:28:03921813 	ffffffffffff	4437e6446377	0806	00	01	0800	0604	00	01	44	37	e644	6377c0a8	001e0000	0000	0000	c0a8009c	00000000	0000	0000	0000	0000	00	00	00	00	00	00	PROBE
04:28:03921816 	ffffffffffff	4437e6446377	0806	00	01	0800	0604	00	01	44	37	e644	6377c0a8	001e0000	0000	0000	c0a800a0	00000000	0000	0000	0000	0000	00	00	00	00	00	00	PROBE
04:28:03921820 	ffffffffffff	4437e6446377	0806	00	01	0800	0604	00	01	44	37	e644	6377c0a8	001e0000	0000	0000	c0a8009f	00000000	0000	0000	0000	0000	00	00	00	00	00	00	PROBE
04:28:03921822 	ffffffffffff	4437e6446377	0806	00	01	0800	0604	00	01	44	37	e644	6377c0a8	001e0000	0000	0000	c0a8009d	00000000	0000	0000	0000	0000	00	00	00	00	00	00	PROBE
04:28:03921953 	ffffffffffff	4437e6446377	0806	00	01	0800	0604	00	01	44	37	e644	6377c0a8	001e0000	0000	0000	c0a8009b	00000000	0000	0000	0000	0000	00	00	00	00	00	00	PROBE
04:28:03921958 	ffffffffffff	4437e6446377	0806	00	01	0800	0604	00	01	44	37	e644	6377c0a8	001e0000	0000	0000	c0a8009a	00000000	0000	0000	0000	0000	00	00	00	00	00	00	PROBE
04:28:03921961 	ffffffffffff	4437e6446377	0806	00	01	0800	0604	00	01	44	37	e644	6377c0a8	001e0000	0000	0000	c0a80099	00000000	0000	0000	0000	0000	00	00	00	00	00	00	PROBE
04:28:03921964 	ffffffffffff	4437e6446377	0806	00	01	0800	0604	00	01	44	37	e644	6377c0a8	001e0000	0000	0000	c0a80098	00000000	0000	0000	0000	0000	00	00	00	00	00	00	PROBE
04:28:03921966 	ffffffffffff	4437e6446377	0806	00	01	0800	0604	00	01	44	37	e644	6377c0a8	001e0000	0000	0000	c0a800aa	00000000	0000	0000	0000	0000	00	00	00	00	00	00	PROBE
04:28:03921970 	ffffffffffff	4437e6446377	0806	00	01	0800	0604	00	01	44	37	e644	6377c0a8	001e0000	0000	0000	c0a800a9	00000000	0000	0000	0000	0000	00	00	00	00	00	00	PROBE
04:28:03922086 	ffffffffffff	4437e6446377	0806	00	01	0800	0604	00	01	44	37	e644	6377c0a8	001e0000	0000	0000	c0a800a8	00000000	0000	0000	0000	0000	00	00	00	00	00	00	PROBE
04:28:03922092 	ffffffffffff	4437e6446377	0806	00	01	0800	0604	00	01	44	37	e644	6377c0a8	001e0000	0000	0000	c0a800a7	00000000	0000	0000	0000	0000	00	00	00	00	00	00	PROBE
04:28:03922095 	ffffffffffff	4437e6446377	0806	00	01	0800	0604	00	01	44	37	e644	6377c0a8	001e0000	0000	0000	c0a800a6	00000000	0000	0000	0000	0000	00	00	00	00	00	00	PROBE
04:28:03922098 	ffffffffffff	4437e6446377	0806	00	01	0800	0604	00	01	44	37	e644	6377c0a8	001e0000	0000	0000	c0a800a5	00000000	0000	0000	0000	0000	00	00	00	00	00	00	PROBE
04:28:04896692 	ffffffffffff	4437e6446377	0806	00	01	0800	0604	00	01	44	37	e644	6377c0a8	001e0000	0000	0000	c0a80081	00000000	0000	0000	0000	0000	00	00	00	00	00	00	PROBE
04:28:04896709 	ffffffffffff	4437e6446377	0806	00	01	0800	0604	00	01	44	37	e644	6377c0a8	001e0000	0000	0000	c0a80082	00000000	0000	0000	0000	0000	00	00	00	00	00	00	PROBE
04:28:04896713 	ffffffffffff	4437e6446377	0806	00	01	0800	0604	00	01	44	37	e644	6377c0a8	001e0000	0000	0000	c0a80083	00000000	0000	0000	0000	0000	00	00	00	00	00	00	PROBE
04:28:04896717 	ffffffffffff	4437e6446377	0806	00	01	0800	0604	00	01	44	37	e644	6377c0a8	001e0000	0000	0000	c0a80084	00000000	0000	0000	0000	0000	00	00	00	00	00	00	PROBE
04:28:04896719 	ffffffffffff	4437e6446377	0806	00	01	0800	0604	00	01	44	37	e644	6377c0a8	001e0000	0000	0000	c0a80086	00000000	0000	0000	0000	0000	00	00	00	00	00	00	PROBE
04:28:04896722 	ffffffffffff	4437e6446377	0806	00	01	0800	0604	00	01	44	37	e644	6377c0a8	001e0000	0000	0000	c0a80087	00000000	0000	0000	0000	0000	00	00	00	00	00	00	PROBE
04:28:04896725 	ffffffffffff	4437e6446377	0806	00	01	0800	0604	00	01	44	37	e644	6377c0a8	001e0000	0000	0000	c0a80088	00000000	0000	0000	0000	0000	00	00	00	00	00	00	PROBE
04:28:04896728 	ffffffffffff	4437e6446377	0806	00	01	0800	0604	00	01	44	37	e644	6377c0a8	001e0000	0000	0000	c0a80089	00000000	0000	0000	0000	0000	00	00	00	00	00	00	PROBE
04:28:04896731 	ffffffffffff	4437e6446377	0806	00	01	0800	0604	00	01	44	37	e644	6377c0a8	001e0000	0000	0000	c0a8008a	00000000	0000	0000	0000	0000	00	00	00	00	00	00	PROBE
04:28:04896733 	ffffffffffff	4437e6446377	0806	00	01	0800	0604	00	01	44	37	e644	6377c0a8	001e0000	0000	0000	c0a8008b	00000000	0000	0000	0000	0000	00	00	00	00	00	00	PROBE
04:28:04896767 	ffffffffffff	4437e6446377	0806	00	01	0800	0604	00	01	44	37	e644	6377c0a8	001e0000	0000	0000	c0a80085	00000000	0000	0000	0000	0000	00	00	00	00	00	00	PROBE
04:28:04896773 	ffffffffffff	4437e6446377	0806	00	01	0800	0604	00	01	44	37	e644	6377c0a8	001e0000	0000	0000	c0a8008d	00000000	0000	0000	0000	0000	00	00	00	00	00	00	PROBE
04:28:04896777 	ffffffffffff	4437e6446377	0806	00	01	0800	0604	00	01	44	37	e644	6377c0a8	001e0000	0000	0000	c0a8008f	00000000	0000	0000	0000	0000	00	00	00	00	00	00	PROBE
04:28:04896779 	ffffffffffff	4437e6446377	0806	00	01	0800	0604	00	01	44	37	e644	6377c0a8	001e0000	0000	0000	c0a8008e	00000000	0000	0000	0000	0000	00	00	00	00	00	00	PROBE
04:28:04896782 	ffffffffffff	4437e6446377	0806	00	01	0800	0604	00	01	44	37	e644	6377c0a8	001e0000	0000	0000	c0a8008c	00000000	0000	0000	0000	0000	00	00	00	00	00	00	PROBE
04:28:04896785 	ffffffffffff	4437e6446377	0806	00	01	0800	0604	00	01	44	37	e644	6377c0a8	001e0000	0000	0000	c0a80090	00000000	0000	0000	0000	0000	00	00	00	00	00	00	PROBE
04:28:04896787 	ffffffffffff	4437e6446377	0806	00	01	0800	0604	00	01	44	37	e644	6377c0a8	001e0000	0000	0000	c0a80093	00000000	0000	0000	0000	0000	00	00	00	00	00	00	PROBE
04:28:04896790 	ffffffffffff	4437e6446377	0806	00	01	0800	0604	00	01	44	37	e644	6377c0a8	001e0000	0000	0000	c0a80094	00000000	0000	0000	0000	0000	00	00	00	00	00	00	PROBE
04:28:04896794 	ffffffffffff	4437e6446377	0806	00	01	0800	0604	00	01	44	37	e644	6377c0a8	001e0000	0000	0000	c0a80096	00000000	0000	0000	0000	0000	00	00	00	00	00	00	PROBE
04:28:04896796 	ffffffffffff	4437e6446377	0806	00	01	0800	0604	00	01	44	37	e644	6377c0a8	001e0000	0000	0000	c0a80091	00000000	0000	0000	0000	0000	00	00	00	00	00	00	PROBE
04:28:04896799 	ffffffffffff	4437e6446377	0806	00	01	0800	0604	00	01	44	37	e644	6377c0a8	001e0000	0000	0000	c0a80095	00000000	0000	0000	0000	0000	00	00	00	00	00	00	PROBE
04:28:04896802 	ffffffffffff	4437e6446377	0806	00	01	0800	0604	00	01	44	37	e644	6377c0a8	001e0000	0000	0000	c0a80092	00000000	0000	0000	0000	0000	00	00	00	00	00	00	PROBE
04:28:04896805 	ffffffffffff	4437e6446377	0806	00	01	0800	0604	00	01	44	37	e644	6377c0a8	001e0000	0000	0000	c0a800a3	00000000	0000	0000	0000	0000	00	00	00	00	00	00	PROBE
04:28:04896808 	ffffffffffff	4437e6446377	0806	00	01	0800	0604	00	01	44	37	e644	6377c0a8	001e0000	0000	0000	c0a80097	00000000	0000	0000	0000	0000	00	00	00	00	00	00	PROBE
04:28:04896811 	ffffffffffff	4437e6446377	0806	00	01	0800	0604	00	01	44	37	e644	6377c0a8	001e0000	0000	0000	c0a800a4	00000000	0000	0000	0000	0000	00	00	00	00	00	00	PROBE
04:28:04896814 	ffffffffffff	4437e6446377	0806	00	01	0800	0604	00	01	44	37	e644	6377c0a8	001e0000	0000	0000	c0a800a1	00000000	0000	0000	0000	0000	00	00	00	00	00	00	PROBE
04:28:04896817 	ffffffffffff	4437e6446377	0806	00	01	0800	0604	00	01	44	37	e644	6377c0a8	001e0000	0000	0000	c0a8009e	00000000	0000	0000	0000	0000	00	00	00	00	00	00	PROBE
04:28:04896819 	ffffffffffff	4437e6446377	0806	00	01	0800	0604	00	01	44	37	e644	6377c0a8	001e0000	0000	0000	c0a800a2	00000000	0000	0000	0000	0000	00	00	00	00	00	00	PROBE
04:28:04896822 	ffffffffffff	4437e6446377	0806	00	01	0800	0604	00	01	44	37	e644	6377c0a8	001e0000	0000	0000	c0a8009c	00000000	0000	0000	0000	0000	00	00	00	00	00	00	PROBE
04:28:04896824 	ffffffffffff	4437e6446377	0806	00	01	0800	0604	00	01	44	37	e644	6377c0a8	001e0000	0000	0000	c0a800a0	00000000	0000	0000	0000	0000	00	00	00	00	00	00	PROBE
04:28:04896827 	ffffffffffff	4437e6446377	0806	00	01	0800	0604	00	01	44	37	e644	6377c0a8	001e0000	0000	0000	c0a8009f	00000000	0000	0000	0000	0000	00	00	00	00	00	00	PROBE
04:28:04896830 	ffffffffffff	4437e6446377	0806	00	01	0800	0604	00	01	44	37	e644	6377c0a8	001e0000	0000	0000	c0a8009d	00000000	0000	0000	0000	0000	00	00	00	00	00	00	PROBE
04:28:04896833 	ffffffffffff	4437e6446377	0806	00	01	0800	0604	00	01	44	37	e644	6377c0a8	001e0000	0000	0000	c0a8009b	00000000	0000	0000	0000	0000	00	00	00	00	00	00	PROBE
04:28:04896836 	ffffffffffff	4437e6446377	0806	00	01	0800	0604	00	01	44	37	e644	6377c0a8	001e0000	0000	0000	c0a8009a	00000000	0000	0000	0000	0000	00	00	00	00	00	00	PROBE
04:28:04896838 	ffffffffffff	4437e6446377	0806	00	01	0800	0604	00	01	44	37	e644	6377c0a8	001e0000	0000	0000	c0a80099	00000000	0000	0000	0000	0000	00	00	00	00	00	00	PROBE
04:28:04896841 	ffffffffffff	4437e6446377	0806	00	01	0800	0604	00	01	44	37	e644	6377c0a8	001e0000	0000	0000	c0a80098	00000000	0000	0000	0000	0000	00	00	00	00	00	00	PROBE
04:28:04896888 	ffffffffffff	4437e6446377	0806	00	01	0800	0604	00	01	44	37	e644	6377c0a8	001e0000	0000	0000	c0a800aa	00000000	0000	0000	0000	0000	00	00	00	00	00	00	PROBE
04:28:04896893 	ffffffffffff	4437e6446377	0806	00	01	0800	0604	00	01	44	37	e644	6377c0a8	001e0000	0000	0000	c0a800a9	00000000	0000	0000	0000	0000	00	00	00	00	00	00	PROBE
04:28:04896895 	ffffffffffff	4437e6446377	0806	00	01	0800	0604	00	01	44	37	e644	6377c0a8	001e0000	0000	0000	c0a800a8	00000000	0000	0000	0000	0000	00	00	00	00	00	00	PROBE
04:28:04896898 	ffffffffffff	4437e6446377	0806	00	01	0800	0604	00	01	44	37	e644	6377c0a8	001e0000	0000	0000	c0a800a7	00000000	0000	0000	0000	0000	00	00	00	00	00	00	PROBE
04:28:04896901 	ffffffffffff	4437e6446377	0806	00	01	0800	0604	00	01	44	37	e644	6377c0a8	001e0000	0000	0000	c0a800a6	00000000	0000	0000	0000	0000	00	00	00	00	00	00	PROBE
04:28:04896904 	ffffffffffff	4437e6446377	0806	00	01	0800	0604	00	01	44	37	e644	6377c0a8	001e0000	0000	0000	c0a800a5	00000000	0000	0000	0000	0000	00	00	00	00	00	00	PROBE
04:28:05896703 	ffffffffffff	4437e6446377	0806	00	01	0800	0604	00	01	44	37	e644	6377c0a8	001e0000	0000	0000	c0a80081	00000000	0000	0000	0000	0000	00	00	00	00	00	00	PROBE
04:28:05896721 	ffffffffffff	4437e6446377	0806	00	01	0800	0604	00	01	44	37	e644	6377c0a8	001e0000	0000	0000	c0a80082	00000000	0000	0000	0000	0000	00	00	00	00	00	00	PROBE
04:28:05896725 	ffffffffffff	4437e6446377	0806	00	01	0800	0604	00	01	44	37	e644	6377c0a8	001e0000	0000	0000	c0a80083	00000000	0000	0000	0000	0000	00	00	00	00	00	00	PROBE
04:28:05896727 	ffffffffffff	4437e6446377	0806	00	01	0800	0604	00	01	44	37	e644	6377c0a8	001e0000	0000	0000	c0a80084	00000000	0000	0000	0000	0000	00	00	00	00	00	00	PROBE
04:28:05896730 	ffffffffffff	4437e6446377	0806	00	01	0800	0604	00	01	44	37	e644	6377c0a8	001e0000	0000	0000	c0a80086	00000000	0000	0000	0000	0000	00	00	00	00	00	00	PROBE
04:28:05896733 	ffffffffffff	4437e6446377	0806	00	01	0800	0604	00	01	44	37	e644	6377c0a8	001e0000	0000	0000	c0a80087	00000000	0000	0000	0000	0000	00	00	00	00	00	00	PROBE
04:28:05896736 	ffffffffffff	4437e6446377	0806	00	01	0800	0604	00	01	44	37	e644	6377c0a8	001e0000	0000	0000	c0a80088	00000000	0000	0000	0000	0000	00	00	00	00	00	00	PROBE
04:28:05896739 	ffffffffffff	4437e6446377	0806	00	01	0800	0604	00	01	44	37	e644	6377c0a8	001e0000	0000	0000	c0a80089	00000000	0000	0000	0000	0000	00	00	00	00	00	00	PROBE
04:28:05896742 	ffffffffffff	4437e6446377	0806	00	01	0800	0604	00	01	44	37	e644	6377c0a8	001e0000	0000	0000	c0a8008a	00000000	0000	0000	0000	0000	00	00	00	00	00	00	PROBE
04:28:05896745 	ffffffffffff	4437e6446377	0806	00	01	0800	0604	00	01	44	37	e644	6377c0a8	001e0000	0000	0000	c0a8008b	00000000	0000	0000	0000	0000	00	00	00	00	00	00	PROBE
04:28:05896776 	ffffffffffff	4437e6446377	0806	00	01	0800	0604	00	01	44	37	e644	6377c0a8	001e0000	0000	0000	c0a80085	00000000	0000	0000	0000	0000	00	00	00	00	00	00	PROBE
04:28:05896783 	ffffffffffff	4437e6446377	0806	00	01	0800	0604	00	01	44	37	e644	6377c0a8	001e0000	0000	0000	c0a8008d	00000000	0000	0000	0000	0000	00	00	00	00	00	00	PROBE
04:28:05896787 	ffffffffffff	4437e6446377	0806	00	01	0800	0604	00	01	44	37	e644	6377c0a8	001e0000	0000	0000	c0a8008f	00000000	0000	0000	0000	0000	00	00	00	00	00	00	PROBE
04:28:05896791 	ffffffffffff	4437e6446377	0806	00	01	0800	0604	00	01	44	37	e644	6377c0a8	001e0000	0000	0000	c0a8008e	00000000	0000	0000	0000	0000	00	00	00	00	00	00	PROBE
04:28:05896793 	ffffffffffff	4437e6446377	0806	00	01	0800	0604	00	01	44	37	e644	6377c0a8	001e0000	0000	0000	c0a8008c	00000000	0000	0000	0000	0000	00	00	00	00	00	00	PROBE
04:28:05896796 	ffffffffffff	4437e6446377	0806	00	01	0800	0604	00	01	44	37	e644	6377c0a8	001e0000	0000	0000	c0a80090	00000000	0000	0000	0000	0000	00	00	00	00	00	00	PROBE
04:28:05896799 	ffffffffffff	4437e6446377	0806	00	01	0800	0604	00	01	44	37	e644	6377c0a8	001e0000	0000	0000	c0a80093	00000000	0000	0000	0000	0000	00	00	00	00	00	00	PROBE
04:28:05896802 	ffffffffffff	4437e6446377	0806	00	01	0800	0604	00	01	44	37	e644	6377c0a8	001e0000	0000	0000	c0a80094	00000000	0000	0000	0000	0000	00	00	00	00	00	00	PROBE
04:28:05896805 	ffffffffffff	4437e6446377	0806	00	01	0800	0604	00	01	44	37	e644	6377c0a8	001e0000	0000	0000	c0a80096	00000000	0000	0000	0000	0000	00	00	00	00	00	00	PROBE
04:28:05896808 	ffffffffffff	4437e6446377	0806	00	01	0800	0604	00	01	44	37	e644	6377c0a8	001e0000	0000	0000	c0a80091	00000000	0000	0000	0000	0000	00	00	00	00	00	00	PROBE
04:28:05896810 	ffffffffffff	4437e6446377	0806	00	01	0800	0604	00	01	44	37	e644	6377c0a8	001e0000	0000	0000	c0a80095	00000000	0000	0000	0000	0000	00	00	00	00	00	00	PROBE
04:28:05896813 	ffffffffffff	4437e6446377	0806	00	01	0800	0604	00	01	44	37	e644	6377c0a8	001e0000	0000	0000	c0a80092	00000000	0000	0000	0000	0000	00	00	00	00	00	00	PROBE
04:28:05896816 	ffffffffffff	4437e6446377	0806	00	01	0800	0604	00	01	44	37	e644	6377c0a8	001e0000	0000	0000	c0a800a3	00000000	0000	0000	0000	0000	00	00	00	00	00	00	PROBE
04:28:05896819 	ffffffffffff	4437e6446377	0806	00	01	0800	0604	00	01	44	37	e644	6377c0a8	001e0000	0000	0000	c0a80097	00000000	0000	0000	0000	0000	00	00	00	00	00	00	PROBE
04:28:05896822 	ffffffffffff	4437e6446377	0806	00	01	0800	0604	00	01	44	37	e644	6377c0a8	001e0000	0000	0000	c0a800a4	00000000	0000	0000	0000	0000	00	00	00	00	00	00	PROBE
04:28:05896824 	ffffffffffff	4437e6446377	0806	00	01	0800	0604	00	01	44	37	e644	6377c0a8	001e0000	0000	0000	c0a800a1	00000000	0000	0000	0000	0000	00	00	00	00	00	00	PROBE
04:28:05896828 	ffffffffffff	4437e6446377	0806	00	01	0800	0604	00	01	44	37	e644	6377c0a8	001e0000	0000	0000	c0a8009e	00000000	0000	0000	0000	0000	00	00	00	00	00	00	PROBE
04:28:05896831 	ffffffffffff	4437e6446377	0806	00	01	0800	0604	00	01	44	37	e644	6377c0a8	001e0000	0000	0000	c0a800a2	00000000	0000	0000	0000	0000	00	00	00	00	00	00	PROBE
04:28:05896833 	ffffffffffff	4437e6446377	0806	00	01	0800	0604	00	01	44	37	e644	6377c0a8	001e0000	0000	0000	c0a8009c	00000000	0000	0000	0000	0000	00	00	00	00	00	00	PROBE
04:28:05896836 	ffffffffffff	4437e6446377	0806	00	01	0800	0604	00	01	44	37	e644	6377c0a8	001e0000	0000	0000	c0a800a0	00000000	0000	0000	0000	0000	00	00	00	00	00	00	PROBE
04:28:05896839 	ffffffffffff	4437e6446377	0806	00	01	0800	0604	00	01	44	37	e644	6377c0a8	001e0000	0000	0000	c0a8009f	00000000	0000	0000	0000	0000	00	00	00	00	00	00	PROBE
04:28:05896842 	ffffffffffff	4437e6446377	0806	00	01	0800	0604	00	01	44	37	e644	6377c0a8	001e0000	0000	0000	c0a8009d	00000000	0000	0000	0000	0000	00	00	00	00	00	00	PROBE
04:28:05896844 	ffffffffffff	4437e6446377	0806	00	01	0800	0604	00	01	44	37	e644	6377c0a8	001e0000	0000	0000	c0a8009b	00000000	0000	0000	0000	0000	00	00	00	00	00	00	PROBE
04:28:05896847 	ffffffffffff	4437e6446377	0806	00	01	0800	0604	00	01	44	37	e644	6377c0a8	001e0000	0000	0000	c0a8009a	00000000	0000	0000	0000	0000	00	00	00	00	00	00	PROBE
04:28:05896850 	ffffffffffff	4437e6446377	0806	00	01	0800	0604	00	01	44	37	e644	6377c0a8	001e0000	0000	0000	c0a80099	00000000	0000	0000	0000	0000	00	00	00	00	00	00	PROBE
04:28:05896852 	ffffffffffff	4437e6446377	0806	00	01	0800	0604	00	01	44	37	e644	6377c0a8	001e0000	0000	0000	c0a80098	00000000	0000	0000	0000	0000	00	00	00	00	00	00	PROBE
04:28:05896897 	ffffffffffff	4437e6446377	0806	00	01	0800	0604	00	01	44	37	e644	6377c0a8	001e0000	0000	0000	c0a800aa	00000000	0000	0000	0000	0000	00	00	00	00	00	00	PROBE
04:28:05896902 	ffffffffffff	4437e6446377	0806	00	01	0800	0604	00	01	44	37	e644	6377c0a8	001e0000	0000	0000	c0a800a9	00000000	0000	0000	0000	0000	00	00	00	00	00	00	PROBE
04:28:05896904 	ffffffffffff	4437e6446377	0806	00	01	0800	0604	00	01	44	37	e644	6377c0a8	001e0000	0000	0000	c0a800a8	00000000	0000	0000	0000	0000	00	00	00	00	00	00	PROBE
04:28:05896907 	ffffffffffff	4437e6446377	0806	00	01	0800	0604	00	01	44	37	e644	6377c0a8	001e0000	0000	0000	c0a800a7	00000000	0000	0000	0000	0000	00	00	00	00	00	00	PROBE
04:28:05896910 	ffffffffffff	4437e6446377	0806	00	01	0800	0604	00	01	44	37	e644	6377c0a8	001e0000	0000	0000	c0a800a6	00000000	0000	0000	0000	0000	00	00	00	00	00	00	PROBE
04:28:05896913 	ffffffffffff	4437e6446377	0806	00	01	0800	0604	00	01	44	37	e644	6377c0a8	001e0000	0000	0000	c0a800a5	00000000	0000	0000	0000	0000	00	00	00	00	00	00	PROBE
04:28:05908348 	ffffffffffff	4437e6446377	0806	00	01	0800	0604	00	01	44	37	e644	6377c0a8	001e0000	0000	0000	c0a800ab	00000000	0000	0000	0000	0000	00	00	00	00	00	00	PROBE
04:28:05908788 	ffffffffffff	4437e6446377	0806	00	01	0800	0604	00	01	44	37	e644	6377c0a8	001e0000	0000	0000	c0a800ac	00000000	0000	0000	0000	0000	00	00	00	00	00	00	PROBE
04:28:05908794 	ffffffffffff	4437e6446377	0806	00	01	0800	0604	00	01	44	37	e644	6377c0a8	001e0000	0000	0000	c0a800ae	00000000	0000	0000	0000	0000	00	00	00	00	00	00	PROBE
04:28:05908798 	ffffffffffff	4437e6446377	0806	00	01	0800	0604	00	01	44	37	e644	6377c0a8	001e0000	0000	0000	c0a800af	00000000	0000	0000	0000	0000	00	00	00	00	00	00	PROBE
04:28:05910997 	ffffffffffff	4437e6446377	0806	00	01	0800	0604	00	01	44	37	e644	6377c0a8	001e0000	0000	0000	c0a800b2	00000000	0000	0000	0000	0000	00	00	00	00	00	00	PROBE
04:28:05911009 	ffffffffffff	4437e6446377	0806	00	01	0800	0604	00	01	44	37	e644	6377c0a8	001e0000	0000	0000	c0a800b0	00000000	0000	0000	0000	0000	00	00	00	00	00	00	PROBE
04:28:05911013 	ffffffffffff	4437e6446377	0806	00	01	0800	0604	00	01	44	37	e644	6377c0a8	001e0000	0000	0000	c0a800b1	00000000	0000	0000	0000	0000	00	00	00	00	00	00	PROBE
04:28:05911150 	ffffffffffff	4437e6446377	0806	00	01	0800	0604	00	01	44	37	e644	6377c0a8	001e0000	0000	0000	c0a800ad	00000000	0000	0000	0000	0000	00	00	00	00	00	00	PROBE
04:28:05911156 	ffffffffffff	4437e6446377	0806	00	01	0800	0604	00	01	44	37	e644	6377c0a8	001e0000	0000	0000	c0a800b3	00000000	0000	0000	0000	0000	00	00	00	00	00	00	PROBE
04:28:05916714 	ffffffffffff	4437e6446377	0806	00	01	0800	0604	00	01	44	37	e644	6377c0a8	001e0000	0000	0000	c0a800b4	00000000	0000	0000	0000	0000	00	00	00	00	00	00	PROBE
04:28:05916724 	ffffffffffff	4437e6446377	0806	00	01	0800	0604	00	01	44	37	e644	6377c0a8	001e0000	0000	0000	c0a800b9	00000000	0000	0000	0000	0000	00	00	00	00	00	00	PROBE
04:28:05916726 	ffffffffffff	4437e6446377	0806	00	01	0800	0604	00	01	44	37	e644	6377c0a8	001e0000	0000	0000	c0a800ba	00000000	0000	0000	0000	0000	00	00	00	00	00	00	PROBE
04:28:05916729 	ffffffffffff	4437e6446377	0806	00	01	0800	0604	00	01	44	37	e644	6377c0a8	001e0000	0000	0000	c0a800b5	00000000	0000	0000	0000	0000	00	00	00	00	00	00	PROBE
04:28:05916885 	ffffffffffff	4437e6446377	0806	00	01	0800	0604	00	01	44	37	e644	6377c0a8	001e0000	0000	0000	c0a800b6	00000000	0000	0000	0000	0000	00	00	00	00	00	00	PROBE
04:28:05916892 	ffffffffffff	4437e6446377	0806	00	01	0800	0604	00	01	44	37	e644	6377c0a8	001e0000	0000	0000	c0a800b8	00000000	0000	0000	0000	0000	00	00	00	00	00	00	PROBE
04:28:05916895 	ffffffffffff	4437e6446377	0806	00	01	0800	0604	00	01	44	37	e644	6377c0a8	001e0000	0000	0000	c0a800bb	00000000	0000	0000	0000	0000	00	00	00	00	00	00	PROBE
04:28:05916898 	ffffffffffff	4437e6446377	0806	00	01	0800	0604	00	01	44	37	e644	6377c0a8	001e0000	0000	0000	c0a800bd	00000000	0000	0000	0000	0000	00	00	00	00	00	00	PROBE
04:28:05916901 	ffffffffffff	4437e6446377	0806	00	01	0800	0604	00	01	44	37	e644	6377c0a8	001e0000	0000	0000	c0a800bc	00000000	0000	0000	0000	0000	00	00	00	00	00	00	PROBE
04:28:05916903 	ffffffffffff	4437e6446377	0806	00	01	0800	0604	00	01	44	37	e644	6377c0a8	001e0000	0000	0000	c0a800be	00000000	0000	0000	0000	0000	00	00	00	00	00	00	PROBE
04:28:05922102 	ffffffffffff	4437e6446377	0806	00	01	0800	0604	00	01	44	37	e644	6377c0a8	001e0000	0000	0000	c0a800c0	00000000	0000	0000	0000	0000	00	00	00	00	00	00	PROBE
04:28:05922118 	ffffffffffff	4437e6446377	0806	00	01	0800	0604	00	01	44	37	e644	6377c0a8	001e0000	0000	0000	c0a800c1	00000000	0000	0000	0000	0000	00	00	00	00	00	00	PROBE
04:28:05922121 	ffffffffffff	4437e6446377	0806	00	01	0800	0604	00	01	44	37	e644	6377c0a8	001e0000	0000	0000	c0a800c3	00000000	0000	0000	0000	0000	00	00	00	00	00	00	PROBE
04:28:05922123 	ffffffffffff	4437e6446377	0806	00	01	0800	0604	00	01	44	37	e644	6377c0a8	001e0000	0000	0000	c0a800c2	00000000	0000	0000	0000	0000	00	00	00	00	00	00	PROBE
04:28:05922239 	ffffffffffff	4437e6446377	0806	00	01	0800	0604	00	01	44	37	e644	6377c0a8	001e0000	0000	0000	c0a800c4	00000000	0000	0000	0000	0000	00	00	00	00	00	00	PROBE
04:28:05922246 	ffffffffffff	4437e6446377	0806	00	01	0800	0604	00	01	44	37	e644	6377c0a8	001e0000	0000	0000	c0a800c5	00000000	0000	0000	0000	0000	00	00	00	00	00	00	PROBE
04:28:05922249 	ffffffffffff	4437e6446377	0806	00	01	0800	0604	00	01	44	37	e644	6377c0a8	001e0000	0000	0000	c0a800c6	00000000	0000	0000	0000	0000	00	00	00	00	00	00	PROBE
04:28:05922251 	ffffffffffff	4437e6446377	0806	00	01	0800	0604	00	01	44	37	e644	6377c0a8	001e0000	0000	0000	c0a800c7	00000000	0000	0000	0000	0000	00	00	00	00	00	00	PROBE
04:28:05922254 	ffffffffffff	4437e6446377	0806	00	01	0800	0604	00	01	44	37	e644	6377c0a8	001e0000	0000	0000	c0a800b7	00000000	0000	0000	0000	0000	00	00	00	00	00	00	PROBE
04:28:05922257 	ffffffffffff	4437e6446377	0806	00	01	0800	0604	00	01	44	37	e644	6377c0a8	001e0000	0000	0000	c0a800bf	00000000	0000	0000	0000	0000	00	00	00	00	00	00	PROBE
04:28:05922485 	ffffffffffff	4437e6446377	0806	00	01	0800	0604	00	01	44	37	e644	6377c0a8	001e0000	0000	0000	c0a800c8	00000000	0000	0000	0000	0000	00	00	00	00	00	00	PROBE
04:28:05922488 	ffffffffffff	4437e6446377	0806	00	01	0800	0604	00	01	44	37	e644	6377c0a8	001e0000	0000	0000	c0a800d1	00000000	0000	0000	0000	0000	00	00	00	00	00	00	PROBE
04:28:05922491 	ffffffffffff	4437e6446377	0806	00	01	0800	0604	00	01	44	37	e644	6377c0a8	001e0000	0000	0000	c0a800d0	00000000	0000	0000	0000	0000	00	00	00	00	00	00	PROBE
04:28:05922494 	ffffffffffff	4437e6446377	0806	00	01	0800	0604	00	01	44	37	e644	6377c0a8	001e0000	0000	0000	c0a800cf	00000000	0000	0000	0000	0000	00	00	00	00	00	00	PROBE
04:28:05922629 	ffffffffffff	4437e6446377	0806	00	01	0800	0604	00	01	44	37	e644	6377c0a8	001e0000	0000	0000	c0a800ce	00000000	0000	0000	0000	0000	00	00	00	00	00	00	PROBE
04:28:05922634 	ffffffffffff	4437e6446377	0806	00	01	0800	0604	00	01	44	37	e644	6377c0a8	001e0000	0000	0000	c0a800cd	00000000	0000	0000	0000	0000	00	00	00	00	00	00	PROBE
04:28:05922637 	ffffffffffff	4437e6446377	0806	00	01	0800	0604	00	01	44	37	e644	6377c0a8	001e0000	0000	0000	c0a800cc	00000000	0000	0000	0000	0000	00	00	00	00	00	00	PROBE
04:28:05922640 	ffffffffffff	4437e6446377	0806	00	01	0800	0604	00	01	44	37	e644	6377c0a8	001e0000	0000	0000	c0a800cb	00000000	0000	0000	0000	0000	00	00	00	00	00	00	PROBE
04:28:05922642 	ffffffffffff	4437e6446377	0806	00	01	0800	0604	00	01	44	37	e644	6377c0a8	001e0000	0000	0000	c0a800c9	00000000	0000	0000	0000	0000	00	00	00	00	00	00	PROBE
04:28:05922645 	ffffffffffff	4437e6446377	0806	00	01	0800	0604	00	01	44	37	e644	6377c0a8	001e0000	0000	0000	c0a800d4	00000000	0000	0000	0000	0000	00	00	00	00	00	00	PROBE
04:28:05922773 	ffffffffffff	4437e6446377	0806	00	01	0800	0604	00	01	44	37	e644	6377c0a8	001e0000	0000	0000	c0a800d3	00000000	0000	0000	0000	0000	00	00	00	00	00	00	PROBE
04:28:05922778 	ffffffffffff	4437e6446377	0806	00	01	0800	0604	00	01	44	37	e644	6377c0a8	001e0000	0000	0000	c0a800ca	00000000	0000	0000	0000	0000	00	00	00	00	00	00	PROBE
04:28:05922782 	ffffffffffff	4437e6446377	0806	00	01	0800	0604	00	01	44	37	e644	6377c0a8	001e0000	0000	0000	c0a800d2	00000000	0000	0000	0000	0000	00	00	00	00	00	00	PROBE
04:28:06896781 	ffffffffffff	4437e6446377	0806	00	01	0800	0604	00	01	44	37	e644	6377c0a8	001e0000	0000	0000	c0a800ab	00000000	0000	0000	0000	0000	00	00	00	00	00	00	PROBE
04:28:06896800 	ffffffffffff	4437e6446377	0806	00	01	0800	0604	00	01	44	37	e644	6377c0a8	001e0000	0000	0000	c0a800ac	00000000	0000	0000	0000	0000	00	00	00	00	00	00	PROBE
04:28:06896803 	ffffffffffff	4437e6446377	0806	00	01	0800	0604	00	01	44	37	e644	6377c0a8	001e0000	0000	0000	c0a800ae	00000000	0000	0000	0000	0000	00	00	00	00	00	00	PROBE
04:28:06896806 	ffffffffffff	4437e6446377	0806	00	01	0800	0604	00	01	44	37	e644	6377c0a8	001e0000	0000	0000	c0a800af	00000000	0000	0000	0000	0000	00	00	00	00	00	00	PROBE
04:28:06896809 	ffffffffffff	4437e6446377	0806	00	01	0800	0604	00	01	44	37	e644	6377c0a8	001e0000	0000	0000	c0a800b2	00000000	0000	0000	0000	0000	00	00	00	00	00	00	PROBE
04:28:06896812 	ffffffffffff	4437e6446377	0806	00	01	0800	0604	00	01	44	37	e644	6377c0a8	001e0000	0000	0000	c0a800b0	00000000	0000	0000	0000	0000	00	00	00	00	00	00	PROBE
04:28:06896815 	ffffffffffff	4437e6446377	0806	00	01	0800	0604	00	01	44	37	e644	6377c0a8	001e0000	0000	0000	c0a800b1	00000000	0000	0000	0000	0000	00	00	00	00	00	00	PROBE
04:28:06896817 	ffffffffffff	4437e6446377	0806	00	01	0800	0604	00	01	44	37	e644	6377c0a8	001e0000	0000	0000	c0a800ad	00000000	0000	0000	0000	0000	00	00	00	00	00	00	PROBE
04:28:06896820 	ffffffffffff	4437e6446377	0806	00	01	0800	0604	00	01	44	37	e644	6377c0a8	001e0000	0000	0000	c0a800b3	00000000	0000	0000	0000	0000	00	00	00	00	00	00	PROBE
04:28:06896823 	ffffffffffff	4437e6446377	0806	00	01	0800	0604	00	01	44	37	e644	6377c0a8	001e0000	0000	0000	c0a800b4	00000000	0000	0000	0000	0000	00	00	00	00	00	00	PROBE
04:28:06896826 	ffffffffffff	4437e6446377	0806	00	01	0800	0604	00	01	44	37	e644	6377c0a8	001e0000	0000	0000	c0a800b9	00000000	0000	0000	0000	0000	00	00	00	00	00	00	PROBE
04:28:06896858 	ffffffffffff	4437e6446377	0806	00	01	0800	0604	00	01	44	37	e644	6377c0a8	001e0000	0000	0000	c0a800ba	00000000	0000	0000	0000	0000	00	00	00	00	00	00	PROBE
04:28:06896864 	ffffffffffff	4437e6446377	0806	00	01	0800	0604	00	01	44	37	e644	6377c0a8	001e0000	0000	0000	c0a800b5	00000000	0000	0000	0000	0000	00	00	00	00	00	00	PROBE
04:28:06896867 	ffffffffffff	4437e6446377	0806	00	01	0800	0604	00	01	44	37	e644	6377c0a8	001e0000	0000	0000	c0a800b6	00000000	0000	0000	0000	0000	00	00	00	00	00	00	PROBE
04:28:06896870 	ffffffffffff	4437e6446377	0806	00	01	0800	0604	00	01	44	37	e644	6377c0a8	001e0000	0000	0000	c0a800b8	00000000	0000	0000	0000	0000	00	00	00	00	00	00	PROBE
04:28:06896873 	ffffffffffff	4437e6446377	0806	00	01	0800	0604	00	01	44	37	e644	6377c0a8	001e0000	0000	0000	c0a800bb	00000000	0000	0000	0000	0000	00	00	00	00	00	00	PROBE
04:28:06896875 	ffffffffffff	4437e6446377	0806	00	01	0800	0604	00	01	44	37	e644	6377c0a8	001e0000	0000	0000	c0a800bd	00000000	0000	0000	0000	0000	00	00	00	00	00	00	PROBE
04:28:06896878 	ffffffffffff	4437e6446377	0806	00	01	0800	0604	00	01	44	37	e644	6377c0a8	001e0000	0000	0000	c0a800bc	00000000	0000	0000	0000	0000	00	00	00	00	00	00	PROBE
04:28:06896881 	ffffffffffff	4437e6446377	0806	00	01	0800	0604	00	01	44	37	e644	6377c0a8	001e0000	0000	0000	c0a800be	00000000	0000	0000	0000	0000	00	00	00	00	00	00	PROBE
04:28:06896884 	ffffffffffff	4437e6446377	0806	00	01	0800	0604	00	01	44	37	e644	6377c0a8	001e0000	0000	0000	c0a800c0	00000000	0000	0000	0000	0000	00	00	00	00	00	00	PROBE
04:28:06896887 	ffffffffffff	4437e6446377	0806	00	01	0800	0604	00	01	44	37	e644	6377c0a8	001e0000	0000	0000	c0a800c1	00000000	0000	0000	0000	0000	00	00	00	00	00	00	PROBE
04:28:06896890 	ffffffffffff	4437e6446377	0806	00	01	0800	0604	00	01	44	37	e644	6377c0a8	001e0000	0000	0000	c0a800c3	00000000	0000	0000	0000	0000	00	00	00	00	00	00	PROBE
04:28:06896893 	ffffffffffff	4437e6446377	0806	00	01	0800	0604	00	01	44	37	e644	6377c0a8	001e0000	0000	0000	c0a800c2	00000000	0000	0000	0000	0000	00	00	00	00	00	00	PROBE
04:28:06896895 	ffffffffffff	4437e6446377	0806	00	01	0800	0604	00	01	44	37	e644	6377c0a8	001e0000	0000	0000	c0a800c4	00000000	0000	0000	0000	0000	00	00	00	00	00	00	PROBE
04:28:06896898 	ffffffffffff	4437e6446377	0806	00	01	0800	0604	00	01	44	37	e644	6377c0a8	001e0000	0000	0000	c0a800c5	00000000	0000	0000	0000	0000	00	00	00	00	00	00	PROBE
04:28:06896900 	ffffffffffff	4437e6446377	0806	00	01	0800	0604	00	01	44	37	e644	6377c0a8	001e0000	0000	0000	c0a800c6	00000000	0000	0000	0000	0000	00	00	00	00	00	00	PROBE
04:28:06896903 	ffffffffffff	4437e6446377	0806	00	01	0800	0604	00	01	44	37	e644	6377c0a8	001e0000	0000	0000	c0a800c7	00000000	0000	0000	0000	0000	00	00	00	00	00	00	PROBE
04:28:06896906 	ffffffffffff	4437e6446377	0806	00	01	0800	0604	00	01	44	37	e644	6377c0a8	001e0000	0000	0000	c0a800b7	00000000	0000	0000	0000	0000	00	00	00	00	00	00	PROBE
04:28:06896909 	ffffffffffff	4437e6446377	0806	00	01	0800	0604	00	01	44	37	e644	6377c0a8	001e0000	0000	0000	c0a800bf	00000000	0000	0000	0000	0000	00	00	00	00	00	00	PROBE
04:28:06896911 	ffffffffffff	4437e6446377	0806	00	01	0800	0604	00	01	44	37	e644	6377c0a8	001e0000	0000	0000	c0a800c8	00000000	0000	0000	0000	0000	00	00	00	00	00	00	PROBE
04:28:06896914 	ffffffffffff	4437e6446377	0806	00	01	0800	0604	00	01	44	37	e644	6377c0a8	001e0000	0000	0000	c0a800d1	00000000	0000	0000	0000	0000	00	00	00	00	00	00	PROBE
04:28:06896918 	ffffffffffff	4437e6446377	0806	00	01	0800	0604	00	01	44	37	e644	6377c0a8	001e0000	0000	0000	c0a800d0	00000000	0000	0000	0000	0000	00	00	00	00	00	00	PROBE
04:28:06896920 	ffffffffffff	4437e6446377	0806	00	01	0800	0604	00	01	44	37	e644	6377c0a8	001e0000	0000	0000	c0a800cf	00000000	0000	0000	0000	0000	00	00	00	00	00	00	PROBE
04:28:06896923 	ffffffffffff	4437e6446377	0806	00	01	0800	0604	00	01	44	37	e644	6377c0a8	001e0000	0000	0000	c0a800ce	00000000	0000	0000	0000	0000	00	00	00	00	00	00	PROBE
04:28:06896926 	ffffffffffff	4437e6446377	0806	00	01	0800	0604	00	01	44	37	e644	6377c0a8	001e0000	0000	0000	c0a800cd	00000000	0000	0000	0000	0000	00	00	00	00	00	00	PROBE
04:28:06896928 	ffffffffffff	4437e6446377	0806	00	01	0800	0604	00	01	44	37	e644	6377c0a8	001e0000	0000	0000	c0a800cc	00000000	0000	0000	0000	0000	00	00	00	00	00	00	PROBE
04:28:06896931 	ffffffffffff	4437e6446377	0806	00	01	0800	0604	00	01	44	37	e644	6377c0a8	001e0000	0000	0000	c0a800cb	00000000	0000	0000	0000	0000	00	00	00	00	00	00	PROBE
04:28:06896980 	ffffffffffff	4437e6446377	0806	00	01	0800	0604	00	01	44	37	e644	6377c0a8	001e0000	0000	0000	c0a800c9	00000000	0000	0000	0000	0000	00	00	00	00	00	00	PROBE
04:28:06896984 	ffffffffffff	4437e6446377	0806	00	01	0800	0604	00	01	44	37	e644	6377c0a8	001e0000	0000	0000	c0a800d4	00000000	0000	0000	0000	0000	00	00	00	00	00	00	PROBE
04:28:06896987 	ffffffffffff	4437e6446377	0806	00	01	0800	0604	00	01	44	37	e644	6377c0a8	001e0000	0000	0000	c0a800d3	00000000	0000	0000	0000	0000	00	00	00	00	00	00	PROBE
04:28:06896990 	ffffffffffff	4437e6446377	0806	00	01	0800	0604	00	01	44	37	e644	6377c0a8	001e0000	0000	0000	c0a800ca	00000000	0000	0000	0000	0000	00	00	00	00	00	00	PROBE
04:28:06896992 	ffffffffffff	4437e6446377	0806	00	01	0800	0604	00	01	44	37	e644	6377c0a8	001e0000	0000	0000	c0a800d2	00000000	0000	0000	0000	0000	00	00	00	00	00	00	PROBE
04:28:07896790 	ffffffffffff	4437e6446377	0806	00	01	0800	0604	00	01	44	37	e644	6377c0a8	001e0000	0000	0000	c0a800ab	00000000	0000	0000	0000	0000	00	00	00	00	00	00	PROBE
04:28:07896807 	ffffffffffff	4437e6446377	0806	00	01	0800	0604	00	01	44	37	e644	6377c0a8	001e0000	0000	0000	c0a800ac	00000000	0000	0000	0000	0000	00	00	00	00	00	00	PROBE
04:28:07896810 	ffffffffffff	4437e6446377	0806	00	01	0800	0604	00	01	44	37	e644	6377c0a8	001e0000	0000	0000	c0a800ae	00000000	0000	0000	0000	0000	00	00	00	00	00	00	PROBE
04:28:07896813 	ffffffffffff	4437e6446377	0806	00	01	0800	0604	00	01	44	37	e644	6377c0a8	001e0000	0000	0000	c0a800af	00000000	0000	0000	0000	0000	00	00	00	00	00	00	PROBE
04:28:07896816 	ffffffffffff	4437e6446377	0806	00	01	0800	0604	00	01	44	37	e644	6377c0a8	001e0000	0000	0000	c0a800b2	00000000	0000	0000	0000	0000	00	00	00	00	00	00	PROBE
04:28:07896819 	ffffffffffff	4437e6446377	0